   8.8035758801450484e+01
   9.2896690813024193e+01
   9.7685888470414454e+01
   1.0066477573314755e+02
   1.0202299310751940e+02
   1.0178622089470895e+02
   1.0058942567808610e+02
   9.8883068713989459e+01
   9.7177770277061654e+01
   9.5828363938816764e+01
   9.5047261757340948e+01
   9.4761058435462630e+01
   9.4606163625139629e+01
   9.4440848486682640e+01
   9.4166095409877045e+01
   9.3890408444598549e+01
   9.3450634164671726e+01
   9.2993508376375857e+01
   9.2438359831054214e+01
   9.1922667255198846e+01
   9.1215130619925503e+01
   9.0984618229432812e+01
   9.0734378306497732e+01
   9.0676305504348662e+01
   9.0869472799189140e+01
   9.1207700775453432e+01
   9.1459327309869025e+01
   9.1660267885472209e+01
   9.1786468364219033e+01
   9.1876099452293886e+01
   9.1951985536755473e+01
   9.1979709982264438e+01
   9.1976945859606772e+01
   9.1965662452259977e+01
   9.1582447706835964e+01
   9.1531562262125689e+01
   9.0915400228218175e+01
   9.0627346989080436e+01
   9.0298803328894181e+01
   8.9978559737915489e+01
   8.9626452166877613e+01
   8.9631765763814641e+01
   8.9321768551575701e+01
   8.9380464143019452e+01
   8.9473302834855133e+01
   8.9416763988010686e+01
   8.9456152716598751e+01
   8.9734908907782597e+01
   8.9684671910663383e+01
   8.9576377348909688e+01
   8.9544366590767098e+01
   8.9239633635281521e+01
   8.8871647765895091e+01
   8.8663003950649227e+01
   8.8556578250485813e+01
   8.8596097723065327e+01
   8.8836319022565803e+01
   8.9380056333991561e+01
   8.9908877243366348e+01
   9.0832314500842003e+01
   9.1787990763593513e+01
   9.2602263344218741e+01
   9.3537382161915289e+01
   9.4157133080169530e+01
   9.4651386482990418e+01
   9.5243983703697495e+01
   9.6078751124925546e+01
   9.7066472304278946e+01
   9.8622896397678971e+01
   1.0003128639115945e+02
   1.0118426892243735e+02
   1.0180038027922771e+02
   1.0175871168607273e+02
   1.0087407205313013e+02
   9.9210637782028428e+01
   9.7159933127557935e+01
   9.4890205424073130e+01
   9.2744345096162135e+01
   9.0643489854655627e+01
   8.8883725465161504e+01
   8.7943906814773385e+01
   8.7689703055437604e+01
   8.7986893421644140e+01
   8.8697499008362328e+01
   8.9737004471120756e+01
   9.0274204989550313e+01
   9.0520738753313125e+01
   9.0219455886735162e+01
   8.9575515359308596e+01
   8.8424547808774207e+01
   8.7276837024694146e+01
   8.6529231307818947e+01
   8.5749611731640499e+01
   8.5302392011183471e+01
   8.5194853622545850e+01
   8.4703356463799267e+01
   8.4253134011127671e+01
   8.3812333982044763e+01
   8.3180621255317718e+01
   8.2436504255899436e+01
   8.1701705721953090e+01
   8.1163903314180004e+01
   8.0551987063498174e+01
   8.0396155726854786e+01
   8.0165227146026737e+01
   7.9641011417903329e+01
   7.9264749922901302e+01
   7.8385979287864558e+01
   7.7560634704219851e+01
   7.6684828014360079e+01
   7.6036990156043075e+01
   7.5150933232189814e+01
   7.4665781546412262e+01
   7.4298775799100483e+01
   7.3944211456382490e+01
   7.3918791445094300e+01
   7.3600648913098922e+01
   7.3383380212868786e+01
   7.3158150443446800e+01
   7.3111269923579627e+01
   7.2903610064880866e+01
   7.2652766327723384e+01
   7.2599310098308763e+01
   7.2496217359572356e+01
   7.2378460066716357e+01
   7.2391829454276575e+01
   7.2265889449392120e+01
   7.2184953949056066e+01
   7.2061860147374958e+01
   7.2000474109712059e+01
   7.1898879578921637e+01
   7.1830862892852338e+01
   7.1755249881939605e+01
   7.1439588327965211e+01
   7.1364296136258901e+01
   7.1055337010989533e+01
   7.0874649875017894e+01
   7.0674738498105285e+01
   7.0593107444276882e+01
   7.0667991540264794e+01
   7.0696029292112911e+01
   7.0480028831696472e+01
   7.0405700125521449e+01
   7.0282513816693594e+01
   7.0301192768496307e+01
   6.9959487822052282e+01
   6.9632878198288992e+01
   6.9396967255789789e+01
   6.9248749161326842e+01
   6.8827880034501121e+01
   6.8674974089800870e+01
   6.8256788903709378e+01
   6.7857106788457671e+01
   6.7403113689317280e+01
   6.7069702723897848e+01
   6.6773220047512751e+01
   6.6540114540671382e+01
   6.6450471412210746e+01
   6.6416614695614314e+01
   6.6530757375328022e+01
   6.6773394448651345e+01
   6.6999830839969803e+01
   6.7255616518557360e+01
   6.7486096559514465e+01
   6.7816084595621263e+01
   6.8028151492302243e+01
   6.8285258349100317e+01
   6.8418232039902676e+01
   6.8549811906674265e+01
   6.8672024469680082e+01
   6.8658833684480413e+01
   6.8750192837644661e+01
   6.8941330240713853e+01
   6.8907356148841686e+01
   6.8791244237346092e+01
   6.8406041438758649e+01
   6.7771770397906451e+01
   6.6953135742693291e+01
   6.5980762023415707e+01
   6.4859151605770720e+01
   6.4936553103071603e+01
   6.6679010110764196e+01
   7.0826933689443166e+01
   7.6408809237345366e+01
   8.2217373659158866e+01
   8.7882743885870184e+01
   9.2707096982582016e+01
   9.6068144809830088e+01
   9.8442045067016551e+01
   1.0024990721631934e+02
   1.0225907861786511e+02
   1.0421065209628694e+02
   1.0651420489270544e+02
   1.0888066360666605e+02
   1.1100309712526909e+02
   1.1234801514796177e+02
   1.1295893543675399e+02
   1.1300589485303392e+02
   1.1278967728635595e+02
   1.1277085102858659e+02
   1.1239317179596340e+02
   1.1157758202366155e+02
   1.1029057859609961e+02
   1.0852002056553543e+02
   1.0639092235673183e+02
   1.0375268326777278e+02
   1.0108769865951915e+02
   9.8996205458877739e+01
   9.7228269726249323e+01
   9.5597317129881759e+01
   9.4343776962267526e+01
   9.3048416473254093e+01
   9.1878519394229670e+01
   9.1386112675119975e+01
   9.1871706059867051e+01
   9.2833404162242843e+01
   9.3310655941805493e+01
   9.3443458587163107e+01
   9.3453301269398395e+01
   9.3257515124484343e+01
   9.3036442134208158e+01
   9.2860548453083950e+01
   9.2477970955813717e+01
   9.2244405512514888e+01
   9.2167967346144181e+01
   9.2142049054285508e+01
   9.2178706182289659e+01
   9.2644421235131460e+01
   9.3296539171595924e+01
   9.4188065180119978e+01
   9.5014804658855738e+01
   9.5803436440065198e+01
   9.6226392168877368e+01
   9.6057862829816983e+01
   9.5531810236340448e+01
   9.4907807377869020e+01
   9.4056992403572437e+01
   9.3388116887284795e+01
   9.3040682283742356e+01
   9.2577193850952000e+01
   9.2309361747024155e+01
   9.2126833850905939e+01
   9.1590613771961287e+01
   9.1174569944856017e+01
   9.0727403183656449e+01
   9.0266123208636785e+01
   9.0289682757651150e+01
   9.0292714945425445e+01
   9.0941071359740533e+01
   9.1438337331277125e+01
   9.1904153724892581e+01
   9.2345681299589799e+01
   9.2327256846593102e+01
   9.2281339266405311e+01
   9.2046804586770890e+01
   9.1737836140894714e+01
   9.1720950485595466e+01
   9.1626673444035688e+01
   9.1973835720083329e+01
   9.2091245736074185e+01
   9.2240214902814614e+01
   9.2374874228943000e+01
   9.2473920935803449e+01
   9.2669373930478628e+01
   9.2959148694748805e+01
   9.3611944140581087e+01
   9.4420456213225279e+01
   9.5241749219180846e+01
   9.5951579488743448e+01
   9.6542499022558630e+01
   9.6505774039142864e+01
   9.6039775843940234e+01
   9.5302566101316799e+01
   9.4324785427365086e+01
   9.3517615570570783e+01
   9.3367371349818868e+01
   9.3850527917863161e+01
   9.5143832286760656e+01
   9.6724007034061898e+01
   9.8774265905743846e+01
   1.0054714060451101e+02
   1.0181261644773707e+02
   1.0267575719944143e+02
   1.0329668179768430e+02
   1.0354442809855340e+02
   1.0378704128193749e+02
   1.0395545496149208e+02
   1.0372928296090168e+02
   1.0285972426475172e+02
   1.0148602604395769e+02
   9.9613839592708388e+01
   9.7130666537920064e+01
   9.4735939599278751e+01
   9.2245745690018538e+01
   9.0456951213301494e+01
   8.8994799563550700e+01
   8.8436040298613563e+01
   8.8343223716838807e+01
   8.8869749057503284e+01
   8.9053049984994061e+01
   8.9579478623637655e+01
   8.9538634322204587e+01
   8.9394922409907636e+01
   8.8975613190127518e+01
   8.8152751351270126e+01
   8.7548151223688322e+01
   8.6996653050708886e+01
   8.6539437204849222e+01
   8.6357967693116834e+01
   8.5907983251311734e+01
   8.5944521949144104e+01
   8.6023001244626514e+01
   8.5728430744798530e+01
   8.5227914490805588e+01
   8.4253031727627530e+01
   8.3323854597009444e+01
   8.2409655467938649e+01
   8.1833822342042069e+01
   8.1113281624555384e+01
   8.0859121003485086e+01
   8.0843098851592188e+01
   8.0799945662736121e+01
   8.0729943175476350e+01
   8.0431577567763100e+01
   7.9783460490149224e+01
   7.9354159571396522e+01
   7.8462171347725800e+01
   7.7827004308262985e+01
   7.7515263202394465e+01
   7.7034188974941358e+01
   7.6541782456299188e+01
   7.6457942538278189e+01
   7.6557790297988248e+01
   7.6196994380060900e+01
   7.5985018166782510e+01
   7.6061779966243222e+01
   7.5867957747913437e+01
   7.5771976986280890e+01
   7.5619520599617971e+01
   7.5712785284036840e+01
   7.5425582690856331e+01
   7.5332160523974011e+01
   7.5412907253573408e+01
   7.5029703846740375e+01
   7.4974169783255292e+01
   7.4587346845756713e+01
   7.4516424224727587e+01
   7.4267882570012389e+01
   7.3939221785017907e+01
   7.3856795992792939e+01
   7.3863489894149595e+01
   7.3847340096978883e+01
   7.3936322753986772e+01
   7.3813709850889836e+01
   7.3914741527634192e+01
   7.3703671183047220e+01
   7.3725666908283813e+01
   7.3706648339146710e+01
   7.3656690268281025e+01
   7.3607675113101180e+01
   7.3596661414407535e+01
   7.3308876304207274e+01
   7.3383382863087434e+01
   7.3290778025134628e+01
   7.3084198208355815e+01
   7.2831565272722983e+01
   7.2556509095557630e+01
   7.2523184642688875e+01
   7.2473331763518260e+01
   7.2464428094892767e+01
   7.2381520793816009e+01
   7.2347085343837463e+01
   7.2076972988425268e+01
   7.1964479066182520e+01
   7.1819926773343056e+01
   7.1530842311191591e+01
   7.1190195070257289e+01
   7.0862183398699187e+01
   7.0717979573940738e+01
   7.0543289015378690e+01
   7.0233677123075182e+01
   7.0185225828290498e+01
   6.9972160443797534e+01
   6.9837794114737292e+01
   6.9504573982616961e+01
   6.9135213821951027e+01
   6.8802913971014931e+01
   6.8631515009928520e+01
   6.8411207837109671e+01
   6.8070080637158483e+01
   6.7771203438888250e+01
   6.7381058289440773e+01
   6.7176736410313310e+01
   6.6676453029344430e+01
   6.6606484175957632e+01
   6.6276814044473014e+01
   6.6216040553843570e+01
   6.5770140006241718e+01
   6.5816124487978215e+01
   6.5634627878438508e+01
   6.5545694779369811e+01
   6.5374321121659818e+01
   6.5363759386356406e+01
   6.5266512361848442e+01
   6.5114307799594670e+01
   6.5117942981282823e+01
   6.5149677396717152e+01
   6.5203579322558284e+01
   6.5344210124892356e+01
   6.5376420310623175e+01
   6.5473421466212471e+01
   6.5493792178722856e+01
   6.5547072011294077e+01
   6.5570421795236115e+01
   6.5700268091188704e+01
   6.5714720626830740e+01
   6.5689179356442821e+01
   6.5724743477469190e+01
   6.5725099899112010e+01
   6.5712804314157282e+01
   6.5511309925545504e+01
   6.5124486864277358e+01
   6.4436780487670674e+01
   6.3623481571136750e+01
   6.2929954666224823e+01
   6.2992439187270413e+01
   6.4689498944754504e+01
   6.8155859163153792e+01
   7.3054021681154836e+01
   7.8458242656815059e+01
   8.3708002608194462e+01
   8.8916666771402518e+01
   9.3056408104444742e+01
   9.6146646459186556e+01
   9.8422567571834065e+01
   1.0013609159025482e+02
   1.0146371199536965e+02
   1.0247506443173116e+02
   1.0343237862194995e+02
   1.0418969183313212e+02
   1.0486134886366705e+02
   1.0564663220293220e+02
   1.0688260907692656e+02
   1.0791703278532552e+02
   1.0891678125347521e+02
   1.1013668778328807e+02
   1.1078965526313230e+02
   1.1162138047653082e+02
   1.1185710597639678e+02
   1.1164064138437817e+02
   1.1085193556824865e+02
   1.0972961756293218e+02
   1.0838614962910371e+02
   1.0693456326373021e+02
   1.0593190885533660e+02
   1.0502416466337573e+02
   1.0413371541413298e+02
   1.0287678259008790e+02
   1.0149199122238038e+02
   1.0003756536258986e+02
   9.8498454463306317e+01
   9.6980258778236575e+01
   9.5403324649908853e+01
   9.4142952241672234e+01
   9.3096822591027774e+01
   9.3681487913208286e+01
   9.4132481267864179e+01
   9.4523701479975557e+01
   9.5089149429695283e+01
   9.5370073153905338e+01
   9.5862525445974100e+01
   9.6605913243213507e+01
   9.7585683318827193e+01
   9.8640118719902219e+01
   9.9706602350425371e+01
   1.0023307277666837e+02
   1.0041248321104931e+02
   9.9888386702374390e+01
   9.9450989228003792e+01
   9.8857759441774334e+01
   9.8095078563881643e+01
   9.7349337396074588e+01
   9.6620307796467557e+01
   9.5689169106038122e+01
   9.4894317406994489e+01
   9.4160898443224951e+01
   9.3521142902353333e+01
   9.3065282771539003e+01
   9.3185975604203634e+01
   9.3173920070444893e+01
   9.3681491377368914e+01
   9.4259959268427991e+01
   9.4931552959817694e+01
   9.5817345893341610e+01
   9.6676576727179892e+01
   9.7092558210002778e+01
   9.7153808487820413e+01
   9.6651384558352802e+01
   9.6212064624706187e+01
   9.5430632263222151e+01
   9.5128087282585142e+01
   9.5200104182455718e+01
   9.5762210492624774e+01
   9.6686210531125440e+01
   9.7834749361718565e+01
   9.8732913746818738e+01
   9.9138470787264822e+01
   9.8950797146978360e+01
   9.7909598731185213e+01
   9.6242140153630189e+01
   9.4173723207962880e+01
   9.1838557493023401e+01
   9.0093273147761309e+01
   8.8642679390828590e+01
   8.7967647970421908e+01
   8.7781481934434709e+01
   8.7776984798386948e+01
   8.7889640162566266e+01
   8.7805787903970938e+01
   8.7369856439485019e+01
   8.6874343747085547e+01
   8.6270067305997927e+01
   8.5898411872380407e+01
   8.5631424759037074e+01
   8.5701638675138113e+01
   8.5777767153509188e+01
   8.5963290486789120e+01
   8.5720484745057163e+01
   8.5587523950083664e+01
   8.5224951887971031e+01
   8.4788673243501449e+01
   8.4395752795837865e+01
   8.4162611677115649e+01
   8.4275019550290395e+01
   8.4644199010611416e+01
   8.5075578621593039e+01
   8.5501659339332392e+01
   8.5499060934756898e+01
   8.5558094621972103e+01
   8.5027272504254086e+01
   8.4660637201086104e+01
   8.4121248830407382e+01
   8.4204160958981518e+01
   8.4433076756756989e+01
   8.4451672393699084e+01
   8.4442795200677750e+01
   8.4450240940053973e+01
   8.4239473856345796e+01
   8.3900160636645467e+01
   8.3141762205104698e+01
   8.2675099530363781e+01
   8.2242767609659552e+01
   8.1839008602826127e+01
   8.1398172819669711e+01
   8.0951717152848332e+01
   8.0511055679154893e+01
   8.0053007554352376e+01
   7.9665762569831003e+01
   7.9204268103398633e+01
   7.8754950039553606e+01
   7.8271512280691894e+01
   7.7984267782612761e+01
   7.7742517699249035e+01
   7.7555434931670391e+01
   7.7309830961815209e+01
   7.7051836064427278e+01
   7.6641047962589084e+01
   7.6508711833070180e+01
   7.6207334049864798e+01
   7.5917888185809502e+01
   7.5624909223745632e+01
   7.5136871596858711e+01
   7.4763630690168640e+01
   7.4487919265634034e+01
   7.4267595453131648e+01
   7.4072074464053117e+01
   7.3841454669997859e+01
   7.3679312856402404e+01
   7.3618534950972006e+01
   7.3373399914953808e+01
   7.3040771169636486e+01
   7.2760593221241876e+01
   7.2381571334944297e+01
   7.2018848349466268e+01
   7.1832204504074525e+01
   7.1537778871196210e+01
   7.1451014199926277e+01
   7.1330924493414145e+01
   7.1341383309520992e+01
   7.1257623979049114e+01
   7.0955314299918470e+01
   7.0577180369945026e+01
   7.0073588568953184e+01
   6.9567068101701054e+01
   6.9163615215720100e+01
   6.8653376147611183e+01
   6.8412332564942247e+01
   6.8128099044028204e+01
   6.7995389965714068e+01
   6.7885166644169573e+01
   6.7911825688714330e+01
   6.7898344419039674e+01
   6.7980344098548315e+01
   6.7968269526991207e+01
   6.7700931214870636e+01
   6.7471958761095451e+01
   6.7285791945777305e+01
   6.7084556913063139e+01
   6.7032411221278480e+01
   6.6866131601413983e+01
   6.6844709524499137e+01
   6.6645184619019332e+01
   6.6637736702532024e+01
   6.6536577155216548e+01
   6.6408606170123292e+01
   6.6286708289271175e+01
   6.6277413764869934e+01
   6.6181014845349068e+01
   6.6124774118356271e+01
   6.6083615469200382e+01
   6.6128062554152649e+01
   6.6108074109702557e+01
   6.5961103179775918e+01
   6.5825507772957252e+01
   6.5740177969149002e+01
   6.5560309071755455e+01
   6.5446018053615177e+01
   6.5376829983919080e+01
   6.5322168091686009e+01
   6.5212164691883928e+01
   6.5195526609281174e+01
   6.5193200500952059e+01
   6.5109133490404275e+01
   6.5184713182207091e+01
   6.5115146007890644e+01
   6.5013301144901277e+01
   6.4980897806613044e+01
   6.4927823817114756e+01
   6.4934171942972910e+01
   6.4850572111386612e+01
   6.5006315919357178e+01
   6.5086260578225478e+01
   6.5081049449230861e+01
   6.5019738646082445e+01
   6.4983082302150549e+01
   6.4993657345620221e+01
   6.4797123897990886e+01
   6.4658623507664657e+01
   6.4556349416739081e+01
   6.4505534068596930e+01
   6.4418470088837381e+01
   6.4415872698777093e+01
   6.4483031252465096e+01
   6.4588012350495887e+01
   6.4610029778463726e+01
   6.4516282823575409e+01
   6.4397900104679664e+01
   6.4171204721459347e+01
   6.4080574073627616e+01
   6.4010787551012683e+01
   6.3923284610797289e+01
   6.3762268786853170e+01
   6.3563392182387119e+01
   6.3411042138478230e+01
   6.3206400915500765e+01
   6.3057036149418693e+01
   6.3531728313443729e+01
   6.5475731353652222e+01
   6.9467818360575663e+01
   7.4857307182176385e+01
   8.0653145759417256e+01
   8.6181398504974055e+01
   9.1380676036416276e+01
   9.5165872054776329e+01
   9.8049166532323000e+01
   1.0007498165298618e+02
   1.0154616519380525e+02
   1.0253101827738692e+02
   1.0344130802441910e+02
   1.0429604686797947e+02
   1.0519881574581910e+02
   1.0615961101204847e+02
   1.0714732960013326e+02
   1.0809323912547669e+02
   1.0888817389725122e+02
   1.0947483489981296e+02
   1.0982166762009339e+02
   1.0985162955710595e+02
   1.0958006586242657e+02
   1.0879236582848543e+02
   1.0770731752052023e+02
   1.0607089864781014e+02
   1.0438375792848677e+02
   1.0252032639732128e+02
   1.0046782153023319e+02
   9.8746777807027215e+01
   9.7310689827883905e+01
   9.6539555988368491e+01
   9.6222176750856207e+01
   9.7037520547148162e+01
   9.7081644167459686e+01
   9.7496356490630745e+01
   9.8115391230507839e+01
   9.8167416903606536e+01
   9.8349061828954149e+01
   9.8453519579759217e+01
   9.8895419380007425e+01
   9.9030513172204792e+01
   9.8844181674688173e+01
   9.8605997268246270e+01
   9.7630044776717170e+01
   9.6925680358996559e+01
   9.6272370096448910e+01
   9.5701618274807515e+01
   9.5153413482810777e+01
   9.4687044513723876e+01
   9.4458912561022203e+01
   9.4296380641985394e+01
   9.4430660555958923e+01
   9.4545897911190153e+01
   9.5138742911838676e+01
   9.5617342668749743e+01
   9.5930752136719107e+01
   9.6240915106667032e+01
   9.6176880441396960e+01
   9.5841450897950423e+01
   9.5150228317637470e+01
   9.4386938313774465e+01
   9.3336588581216077e+01
   9.2396697147684534e+01
   9.1799743301829736e+01
   9.1277167308906911e+01
   9.1369096380673327e+01
   9.1966958016808931e+01
   9.2485330927072155e+01
   9.2950242212283570e+01
   9.3315155581373673e+01
   9.3794394637679900e+01
   9.3632797316506768e+01
   9.3211310930576033e+01
   9.2902344155674228e+01
   9.2436971801314527e+01
   9.2320375337281718e+01
   9.2200445222037828e+01
   9.2814484152510744e+01
   9.3604231427543681e+01
   9.4525242887286183e+01
   9.5605387103920989e+01
   9.6504800124771307e+01
   9.6766431609598911e+01
   9.7153076940988441e+01
   9.6747289399862098e+01
   9.6356058499246686e+01
   9.5923082224540252e+01
   9.5336002882165758e+01
   9.4776904702340062e+01
   9.3968516924964078e+01
   9.2990099403790325e+01
   9.1652436409645333e+01
   9.0096478216556278e+01
   8.8414770335583640e+01
   8.6957197045549208e+01
   8.6289268255819749e+01
   8.5969821884789496e+01
   8.6142583919399740e+01
   8.6569624427722374e+01
   8.6894453694760657e+01
   8.7047944973694115e+01
   8.6973490345510498e+01
   8.6627479223776021e+01
   8.6045828884945749e+01
   8.5278783894938115e+01
   8.4460416492601439e+01
   8.3781372724544852e+01
   8.3558687456661929e+01
   8.3327544843003054e+01
   8.3567004577416967e+01
   8.3665939294059001e+01
   8.3607128316672529e+01
   8.3383925044341652e+01
   8.3003000566635833e+01
   8.2775179668295948e+01
   8.2395754415993252e+01
   8.2095676468136602e+01
   8.1926839401049236e+01
   8.1432064422296179e+01
   8.1081091248954166e+01
   8.0574910627397003e+01
   8.0191041511815044e+01
   7.9754747938301847e+01
   7.9321162631979917e+01
   7.8898157022944631e+01
   7.8455972801039778e+01
   7.8052345782584183e+01
   7.7633040291596586e+01
   7.7166984307566750e+01
   7.6569416963906249e+01
   7.6070733865504621e+01
   7.5682305660673109e+01
   7.5138645213536407e+01
   7.5006690236561056e+01
   7.4787453987919420e+01
   7.4402575303211478e+01
   7.4061368862268566e+01
   7.3639930330656355e+01
   7.3206180032115554e+01
   7.3006888942335152e+01
   7.2487578344901550e+01
   7.2187345954884435e+01
   7.1873357030475475e+01
   7.1884867221094410e+01
   7.1539369100320684e+01
   7.1463396189191528e+01
   7.1408320222376688e+01
   7.1400268027643179e+01
   7.1299760536344394e+01
   7.1065422744696818e+01
   7.0993644329578103e+01
   7.0766425353330902e+01
   7.0691452538487198e+01
   7.0404452111040371e+01
   7.0573284095149432e+01
   7.0493620294958163e+01
   7.0389948936667167e+01
   7.0388132075093168e+01
   7.0581994018134552e+01
   7.0473182412009947e+01
   7.0558039445509309e+01
   7.0559151277123604e+01
   7.0667894188109912e+01
   7.0203905158006108e+01
   7.0551597954972920e+01
   7.0190781949203469e+01
   7.0233477684451373e+01
   7.0131965607902160e+01
   6.9931410946205645e+01
   6.9945256357738515e+01
   6.9768780374675018e+01
   6.9902450809100500e+01
   6.9844902348491573e+01
   6.9747833508876724e+01
   6.9546303835468052e+01
   6.9217413533418295e+01
   6.8978192788856092e+01
   6.8533402384524706e+01
   6.8278763417689703e+01
   6.7803734906411961e+01
   6.7630379097898768e+01
   6.7206092743213205e+01
   6.7015922367029702e+01
   6.6802688794429159e+01
   6.6658571417282772e+01
   6.6767637588846014e+01
   6.6435240641143963e+01
   6.6102606503689543e+01
   6.5797044210447680e+01
   6.5697475749149262e+01
   6.5431914667251064e+01
   6.5147085386465932e+01
   6.4914671563270062e+01
   6.4825846667038931e+01
   6.4703883373134190e+01
   6.4567269606433854e+01
   6.4555188011972902e+01
   6.4661406665501474e+01
   6.4563159517665795e+01
   6.4637302372737764e+01
   6.4466164188482665e+01
   6.4423139939221571e+01
   6.4339886670836336e+01
   6.4257632475307943e+01
   6.4185344185896824e+01
   6.4227752997199943e+01
   6.4298279259226931e+01
   6.4267570243996076e+01
   6.4381256955076964e+01
   6.4599805252153217e+01
   6.4619231431557324e+01
   6.4789404487770355e+01
   6.5014837415746399e+01
   6.5122148428806270e+01
   6.5312622664117569e+01
   6.5627716289778277e+01
   6.5700311012894616e+01
   6.6022281332129737e+01
   6.6031565535422985e+01
   6.6052854465294246e+01
   6.6005753230605265e+01
   6.5669813092759597e+01
   6.5188751171673019e+01
   6.4524741769392975e+01
   6.3810592601304940e+01
   6.4062932323185464e+01
   6.6445133010692814e+01
   7.1329148693497004e+01
   7.7243273251558904e+01
   8.3067582843247976e+01
   8.8617951570728707e+01
   9.3291382036288582e+01
   9.6477801479508301e+01
   9.8866153626403730e+01
   1.0059044377151852e+02
   1.0213230277850481e+02
   1.0356736763008170e+02
   1.0474288760296088e+02
   1.0566377767847708e+02
   1.0623109152368943e+02
   1.0660862005185307e+02
   1.0715394724443402e+02
   1.0760369333108582e+02
   1.0842419272438795e+02
   1.0957072625305761e+02
   1.1075955403924162e+02
   1.1198708241963291e+02
   1.1308741196311077e+02
   1.1359961101602761e+02
   1.1328491349699932e+02
   1.1223818276543857e+02
   1.1076675268466565e+02
   1.0901822075493691e+02
   1.0719338446096909e+02
   1.0505196032255057e+02
   1.0275393907126647e+02
   1.0095464872430053e+02
   9.9447597408308184e+01
   9.8217661545586850e+01
   9.7044432918875756e+01
   9.5787801484703436e+01
   9.4721521580247170e+01
   9.3887932775645766e+01
   9.4376385557001967e+01
   9.5225693174798593e+01
   9.6222369018167655e+01
   9.6979015214361795e+01
   9.7189169337294302e+01
   9.6651451148582822e+01
   9.5812227464636848e+01
   9.4816479253667708e+01
   9.4035268374606986e+01
   9.3564332619781979e+01
   9.3176700539018682e+01
   9.3118331313524308e+01
   9.3302399627046796e+01
   9.3613491402001614e+01
   9.3675252888118692e+01
   9.4065206645702602e+01
   9.4396410283976707e+01
   9.4378256344752543e+01
   9.4173774159186493e+01
   9.3772090785954035e+01
   9.3385285539010994e+01
   9.3009234893608109e+01
   9.2643216916802487e+01
   9.2732992706026906e+01
   9.2781550278474725e+01
   9.3046802557950429e+01
   9.3292748304002146e+01
   9.3635124130017189e+01
   9.3739981337222289e+01
   9.3758125879250045e+01
   9.3808775514481368e+01
   9.3449627934427951e+01
   9.3144858935127075e+01
   9.2984139086916045e+01
   9.2687049207449661e+01
   9.2703393746548088e+01
   9.2655412553639195e+01
   9.2859706926623829e+01
   9.2637250611856160e+01
   9.2699416619878946e+01
   9.2301472767707224e+01
   9.2132076848228905e+01
   9.1650270820223042e+01
   9.1406015866472501e+01
   9.1110348078415228e+01
   9.1202473194096470e+01
   9.1166918550220046e+01
   9.1803293611709677e+01
   9.2330823756358555e+01
   9.2653536343924287e+01
   9.3064250182986498e+01
   9.3451634715210702e+01
   9.3376542502621874e+01
   9.3170534887061564e+01
   9.2709744860991520e+01
   9.2340275837340982e+01
   9.1662168078465172e+01
   9.1254508793557278e+01
   9.1090095939919976e+01
   9.0926623000303977e+01
   9.1154771504115914e+01
   9.1733881477959400e+01
   9.2319208919120683e+01
   9.2996641644489344e+01
   9.3510635041341203e+01
   9.3878515446500799e+01
   9.3991730436047320e+01
   9.3605142850539025e+01
   9.3205259446519960e+01
   9.2685508108803560e+01
   9.2163502213236228e+01
   9.1642900914710609e+01
   9.1212611852644400e+01
   9.0663677256858335e+01
   8.9928833488276680e+01
   8.9390434948142854e+01
   8.8674027843871201e+01
   8.8353628943919688e+01
   8.7635643175956318e+01
   8.6691392942259867e+01
   8.5872391931628073e+01
   8.5046867370572414e+01
   8.4269541106589756e+01
   8.3960769620488293e+01
   8.3686506245489966e+01
   8.3461301752200328e+01
   8.3156805918363247e+01
   8.2915569871268929e+01
   8.2422059946902266e+01
   8.2003184667407552e+01
   8.1411216160767381e+01
   8.1157142940119087e+01
   8.1054305630405580e+01
   8.0972199105586697e+01
   8.0979329443257271e+01
   8.1173009963621723e+01
   8.1172371565736825e+01
   8.1464406933714514e+01
   8.1557547915291735e+01
   8.1000425311410538e+01
   8.0712022890716796e+01
   8.0316700560403945e+01
   7.9758563152433950e+01
   7.9215093818840842e+01
   7.8746907960430377e+01
   7.8527440518271675e+01
   7.8068390216033322e+01
   7.7727565017814456e+01
   7.7296209345292922e+01
   7.7020821810542472e+01
   7.6653469523484432e+01
   7.6278734041183355e+01
   7.5838359617020771e+01
   7.5185742204404505e+01
   7.4685850601447214e+01
   7.4212397546262537e+01
   7.3596085616493681e+01
   7.2962484274667020e+01
   7.2532088986855229e+01
   7.2182308103190806e+01
   7.1726515845143311e+01
   7.1251095821365780e+01
   7.1167202097046143e+01
   7.0675984879973200e+01
   7.0210715087823402e+01
   6.9518685827500605e+01
   6.8995797996573074e+01
   6.8613343562466710e+01
   6.8181458731744627e+01
   6.7790598776949508e+01
   6.7454804333126432e+01
   6.6966515492914994e+01
   6.6754907294608785e+01
   6.6423722390898149e+01
   6.5834189119228427e+01
   6.5807057478244758e+01
   6.5469257900260786e+01
   6.5195913065362731e+01
   6.5189347136719533e+01
   6.5100330267947214e+01
   6.5753606677985459e+01
   6.5619075715865876e+01
   6.5428806128964766e+01
   6.5391875694549682e+01
   6.5265201807105854e+01
   6.4945900463941271e+01
   6.4841871573124024e+01
   6.5098069520227739e+01
   6.4717229858795335e+01
   6.5065778179379848e+01
   6.4618856087989499e+01
   6.4555360061258327e+01
   6.4347701915181062e+01
   6.4111389959968122e+01
   6.3847406462729715e+01
   6.3604749397291791e+01
   6.3506205321181895e+01
   6.3703252607370842e+01
   6.3353802000479448e+01
   6.3466013177908430e+01
   6.3222128498536037e+01
   6.3362023862933370e+01
   6.3316396534468879e+01
   6.3113409576892067e+01
   6.3107289569378551e+01
   6.3091663838348211e+01
   6.2980286852914993e+01
   6.3021102542699225e+01
   6.2953226392659545e+01
   6.2854537987932630e+01
   6.2734229455085107e+01
   6.2709275778237007e+01
   6.2556995889389725e+01
   6.2449123190701251e+01
   6.2405328000995610e+01
   6.2292426987167076e+01
   6.2144705943355618e+01
   6.2150660241691980e+01
   6.2090864069202958e+01
   6.2119155048130075e+01
   6.2110168105831626e+01
   6.1996594476415460e+01
   6.1931307610301687e+01
   6.1933910038035172e+01
   6.1942734951255140e+01
   6.1847574746597992e+01
   6.1771100193685243e+01
   6.1666678465021761e+01
   6.1627874237380624e+01
   6.1567361489982126e+01
   6.1475867016382473e+01
   6.1422923149131933e+01
   6.1367343665410871e+01
   6.1282369860068677e+01
   6.1253652755752896e+01
   6.1158391226537475e+01
   6.1133480598518389e+01
   6.1092252505899964e+01
   6.1051652443171811e+01
   6.1061795453581354e+01
   6.1142955535968333e+01
   6.1079570993724921e+01
   6.1124763111545846e+01
   6.1199297888936961e+01
   6.1248643698858011e+01
   6.1326832272415366e+01
   6.1458054563546490e+01
   6.1488674440939512e+01
   6.1541654741070502e+01
   6.1592431085625684e+01
   6.1684086616412593e+01
   6.1697278537280596e+01
   6.1551445642856550e+01
   6.1469322042733353e+01
   6.1158888523934806e+01
   6.0879926405176278e+01
   6.0901169710505847e+01
   6.1828877771656430e+01
   6.4334734048720932e+01
   6.8551394652141624e+01
   7.3866734079546376e+01
   7.9125100841608827e+01
   8.4167657945092714e+01
   8.8663671330970956e+01
   9.2101969965235341e+01
   9.4797753905479254e+01
   9.7012208904733626e+01
   9.8893514447503549e+01
   1.0050915984297809e+02
   1.0194653103019849e+02
   1.0322364327468006e+02
   1.0422784281700076e+02
   1.0501803201585128e+02
   1.0579732257867109e+02
   1.0645964130778957e+02
   1.0725229564903124e+02
   1.0827857494593253e+02
   1.0958944757115974e+02
   1.1087551327969554e+02
   1.1171528123895335e+02
   1.1225475729146304e+02
   1.1214968566548499e+02
   1.1157695979411623e+02
   1.1076256709293651e+02
   1.0965441590460199e+02
   1.0849041130284141e+02
   1.0739904848063868e+02
   1.0613757900561134e+02
   1.0447761975222605e+02
   1.0272719699414552e+02
   1.0082229906651737e+02
   9.8665123914212842e+01
   9.6227980429040784e+01
   9.4388909323897749e+01
   9.4868284103348401e+01
   9.5762366689786560e+01
   9.8074042302914336e+01
   9.9833957146049016e+01
   1.0187276075767387e+02
   1.0291562103791399e+02
   1.0370017970198546e+02
   1.0378232696731263e+02
   1.0350109321299620e+02
   1.0255665721558962e+02
   1.0103186504897332e+02
   9.9569218516339362e+01
   9.7916150648384360e+01
   9.6536623787909406e+01
   9.5534836754925877e+01
   9.4574791479305858e+01
   9.3979504479502992e+01
   9.3623877098541939e+01
   9.3308322701862664e+01
   9.3225155843578293e+01
   9.3322430010133672e+01
   9.3756208343767923e+01
   9.4269980495956318e+01
   9.4749448169119901e+01
   9.5356899368220283e+01
   9.5411268485214393e+01
   9.5313706515212900e+01
   9.4870812276194386e+01
   9.4357442784162217e+01
   9.3944669793471391e+01
   9.3631444031463232e+01
   9.3142944872142522e+01
   9.2988594218764717e+01
   9.2909202440203202e+01
   9.2808990420378464e+01
   9.2685299519750146e+01
   9.2702495198346753e+01
   9.2426841859957378e+01
   9.2190090380735555e+01
   9.1852172440773657e+01
   9.1284317289226763e+01
   9.0987653777205736e+01
   9.0636418446133831e+01
   9.0219078120553576e+01
   8.9998950477764907e+01
   8.9870512289151577e+01
   8.9834356067389777e+01
   8.9709456056887788e+01
   9.0280052446909423e+01
   9.1052094757802593e+01
   9.1785828336147929e+01
   9.2766925945859086e+01
   9.3482078545190888e+01
   9.3529143868416327e+01
   9.3213728875146188e+01
   9.2242238973267362e+01
   9.0826947940921826e+01
   8.9383201566641475e+01
   8.8210412188606227e+01
   8.7467085205739679e+01
   8.6651131934580576e+01
   8.6084525353484409e+01
   8.5459604323058969e+01
   8.5025298152708245e+01
   8.4891877077756277e+01
   8.4667980563509957e+01
   8.4770095053160247e+01
   8.4904004082291635e+01
   8.5130334601009878e+01
   8.5626677739309116e+01
   8.6044227813701809e+01
   8.6197963501150241e+01
   8.6012011374672483e+01
   8.5786564923625463e+01
   8.5197491543607669e+01
   8.4417174108102813e+01
   8.3488839952567730e+01
   8.2648656641034449e+01
   8.1935684089917771e+01
   8.1373401625833651e+01
   8.1053170913654611e+01
   8.1011424052114421e+01
   8.0897697270419528e+01
   8.1036610300480461e+01
   8.1236465171082372e+01
   8.1325081253789733e+01
   8.0857109149559037e+01
   8.0434767074546841e+01
   7.9857888010190621e+01
   7.9302402289033665e+01
   7.8860740229398530e+01
   7.8318409166976679e+01
   7.7814884550714453e+01
   7.7650814650586796e+01
   7.7324231264614838e+01
   7.7266392873311844e+01
   7.7275240827374446e+01
   7.7206252144909470e+01
   7.6805439749179598e+01
   7.6561945380136720e+01
   7.6193923254430885e+01
   7.5738986658696305e+01
   7.5204022427985095e+01
   7.4600711926277526e+01
   7.4057159212949813e+01
   7.3564993703477370e+01
   7.3074315495193844e+01
   7.2607416553018766e+01
   7.2110600038007476e+01
   7.1709756214250120e+01
   7.1168489718948109e+01
   7.0812712148479136e+01
   7.0202155397565363e+01
   6.9563932580478919e+01
   6.9141909832653468e+01
   6.8688264198496057e+01
   6.8178496015750525e+01
   6.7654378078214947e+01
   6.7429424731446929e+01
   6.7066713136440228e+01
   6.6832632907395976e+01
   6.6551466914079683e+01
   6.6423583087277464e+01
   6.6177436935607687e+01
   6.6104488070801594e+01
   6.6189526668068339e+01
   6.6031890070427323e+01
   6.5746611970957744e+01
   6.5663400675504633e+01
   6.5502722695199395e+01
   6.5163654510394352e+01
   6.5018928602509334e+01
   6.4893924749726025e+01
   6.4668157706120027e+01
   6.4544289931367317e+01
   6.4580756252869705e+01
   6.4492634075800268e+01
   6.4380066566987011e+01
   6.4270381696850720e+01
   6.4254084381703024e+01
   6.4331280215572633e+01
   6.4315539168271854e+01
   6.4356946478099999e+01
   6.4264913782843266e+01
   6.4335920877378854e+01
   6.4388556197261167e+01
   6.4403234001130883e+01
   6.4361859254771858e+01
   6.4341777600152042e+01
   6.4194708985563253e+01
   6.4136810001806083e+01
   6.4031002011511532e+01
   6.3938425172080024e+01
   6.3861763761733926e+01
   6.3709374914039635e+01
   6.3551723251174934e+01
   6.3532583100867789e+01
   6.3457652555639818e+01
   6.3383337118138982e+01
   6.3208573626008395e+01
   6.3161356230959491e+01
   6.3049904456857277e+01
   6.2931631451243000e+01
   6.2879584588947601e+01
   6.2729479863878382e+01
   6.2672302545724499e+01
   6.2585931524955519e+01
   6.2440027062760855e+01
   6.2360473415555759e+01
   6.2230521588864939e+01
   6.2167368125224264e+01
   6.2149886703541867e+01
   6.2039163521740342e+01
   6.2021684550463277e+01
   6.1934465857296182e+01
   6.1941516426181863e+01
   6.1921048251454415e+01
   6.1924021604496247e+01
   6.1862608965897422e+01
   6.1812638825269197e+01
   6.1721725158947123e+01
   6.1634516907557249e+01
   6.1639005129919440e+01
   6.1595299126201809e+01
   6.1587451381801969e+01
   6.1587354733348008e+01
   6.1555367782573313e+01
   6.1511376175286308e+01
   6.1354110242725859e+01
   6.1220125978832293e+01
   6.0981435629811486e+01
   6.0747817837482735e+01
   6.0926853278663778e+01
   6.1738743839293292e+01
   6.3723880201474742e+01
   6.7233821313218073e+01
   7.1785381925856981e+01
   7.6326506407758416e+01
   8.0953503614093322e+01
   8.5131722335898189e+01
   8.8904186506697414e+01
   9.1445866088877651e+01
   9.4131013403832625e+01
   9.6625915877281344e+01
   9.8672315901855981e+01
   1.0039670953183195e+02
   1.0179278919645861e+02
   1.0309669456963746e+02
   1.0413661115323420e+02
   1.0501688528654917e+02
   1.0592043791729397e+02
   1.0664930075513786e+02
   1.0735787041318611e+02
   1.0798559659145602e+02
   1.0875824091828596e+02
   1.0945428661555069e+02
   1.1010131035443800e+02
   1.1057637079305044e+02
   1.1094537757664905e+02
   1.1092694400646339e+02
   1.1030769231325729e+02
   1.0908412998438364e+02
   1.0801675650708931e+02
   1.0696920791311499e+02
   1.0598799129042767e+02
   1.0505837913179795e+02
   1.0410315588982752e+02
   1.0282670209869596e+02
   1.0142796671822857e+02
   9.9810941308190692e+01
   9.8040558602371405e+01
   9.6309313986091425e+01
   9.4619492965610050e+01
   9.3904768240268353e+01
   9.4857033303651534e+01
   9.6876130475120647e+01
   9.9717670100660769e+01
   1.0224363619618424e+02
   1.0466603264483521e+02
   1.0669551359881636e+02
   1.0806428963121540e+02
   1.0859511789232448e+02
   1.0820930295287704e+02
   1.0724083431950864e+02
   1.0607180674341053e+02
   1.0490759396808065e+02
   1.0359468309304323e+02
   1.0272311307482961e+02
   1.0175623166978212e+02
   1.0108334007865473e+02
   1.0044222262184921e+02
   9.9352085230754469e+01
   9.8168552852490990e+01
   9.7123426667459697e+01
   9.6156389861170425e+01
   9.5752508868675832e+01
   9.6033472946878916e+01
   9.7257938952194692e+01
   9.8774645921663904e+01
   1.0018652451651099e+02
   1.0145919295617701e+02
   1.0185486860971254e+02
   1.0149473466872345e+02
   1.0066058622008680e+02
   9.9185036541313849e+01
   9.7881683465198321e+01
   9.7025567542462895e+01
   9.6411748523181231e+01
   9.6299772860514608e+01
   9.6587686017348588e+01
   9.6742325473770975e+01
   9.6831253331673452e+01
   9.6608937913296657e+01
   9.6241550327671135e+01
   9.5348911546118003e+01
   9.4156530099296020e+01
   9.2431158292424129e+01
   9.0582344458277376e+01
   8.8681699211213470e+01
   8.6956794279355464e+01
   8.5680560980499038e+01
   8.4853901368309181e+01
   8.4548524761856115e+01
   8.4353741193928727e+01
   8.4314833557935415e+01
   8.4505438378195194e+01
   8.4427159945058904e+01
   8.4425074449703473e+01
   8.4162361806338524e+01
   8.4048481343227323e+01
   8.3924353012160509e+01
   8.3676411331287909e+01
   8.3587779151073576e+01
   8.3240711714229022e+01
   8.3066104238443273e+01
   8.2674936233973852e+01
   8.2511544440264089e+01
   8.2462302030377614e+01
   8.2058340319833761e+01
   8.1907193008009543e+01
   8.1702217582085709e+01
   8.1234809555849807e+01
   8.0908776598218978e+01
   8.0735814321045254e+01
   8.0451556859916167e+01
   8.0340083797592044e+01
   8.0385617411745272e+01
   8.0256511356589087e+01
   8.0256725805167093e+01
   8.0216168065442702e+01
   8.0419659674253765e+01
   8.0442335658008915e+01
   8.0240961023722690e+01
   7.9972024749476503e+01
   7.9492931072277003e+01
   7.9041906543177703e+01
   7.8805608153046805e+01
   7.8147255730600548e+01
   7.7784033971333557e+01
   7.7640632681122412e+01
   7.7366472494209887e+01
   7.7161426766898302e+01
   7.6802860668652201e+01
   7.6582563872931431e+01
   7.6296964979679970e+01
   7.5902398991165853e+01
   7.5581473072716221e+01
   7.5219281279893565e+01
   7.5164238980078778e+01
   7.4897437143260930e+01
   7.4833502500884691e+01
   7.4629263479344402e+01
   7.4653384406810375e+01
   7.4439060408628052e+01
   7.4128219924583789e+01
   7.3618005148201505e+01
   7.3255649985763270e+01
   7.2623547022049522e+01
   7.2049079617093838e+01
   7.1458800101166702e+01
   7.0771251755991329e+01
   7.0319308841178824e+01
   6.9816123402101340e+01
   6.9371203046474164e+01
   6.9070248993238550e+01
   6.8819938260612389e+01
   6.8646056970668710e+01
   6.8396495893397201e+01
   6.7980745220876244e+01
   6.7611594430449415e+01
   6.7280684076118831e+01
   6.6763805430843064e+01
   6.6365583390881440e+01
   6.5934010021406365e+01
   6.5700268364358323e+01
   6.5366560137272018e+01
   6.5013139389292760e+01
   6.5091096184935211e+01
   6.4768125719244097e+01
   6.4651552390205850e+01
   6.4381630863131178e+01
   6.4351871027242183e+01
   6.4270519921482105e+01
   6.4252602469034628e+01
   6.4079478137923715e+01
   6.3694526174331457e+01
   6.3744475059438081e+01
   6.3615617953441166e+01
   6.3559710998312475e+01
   6.3460882849074331e+01
   6.3545432534343881e+01
   6.3304618777413111e+01
   6.3387314914297086e+01
   6.3321126901152802e+01
   6.3341202508840048e+01
   6.3444209970386488e+01
   6.3434136525906943e+01
   6.3609370925885727e+01
   6.3508789605011387e+01
   6.3681540350536082e+01
   6.3807193445527460e+01
   6.3779548726207494e+01
   6.3771326145468912e+01
   6.3713309185388852e+01
   6.3706869278391174e+01
   6.3634719356321014e+01
   6.3689928694366508e+01
   6.3672617453751158e+01
   6.3622459512257130e+01
   6.3674578492994208e+01
   6.3733818814406384e+01
   6.3530728441948192e+01
   6.3359434328712254e+01
   6.3377676498549313e+01
   6.3215187388081112e+01
   6.3139659189336371e+01
   6.2955428567266715e+01
   6.2798380276587018e+01
   6.2642336950216212e+01
   6.2649933794807517e+01
   6.2528367841236658e+01
   6.2375704346483538e+01
   6.2314857677319033e+01
   6.2297323968864539e+01
   6.2287463952723790e+01
   6.2387695050584639e+01
   6.2467465104700722e+01
   6.2524800470642489e+01
   6.2606448503133691e+01
   6.2708703398340802e+01
   6.2738704392522024e+01
   6.2758420376719307e+01
   6.2728517740469428e+01
   6.2676529545630281e+01
   6.2365223265203355e+01
   6.1916881214465860e+01
   6.1475130838349919e+01
   6.1877294722084940e+01
   6.4316162837009543e+01
   6.8834280729233939e+01
   7.4921439497136632e+01
   8.1258232205261052e+01
   8.7319220058726131e+01
   9.2023095334057601e+01
   9.5667691404062211e+01
   9.8243994506510816e+01
   1.0009526702504722e+02
   1.0142041785165523e+02
   1.0260560427016316e+02
   1.0350400332053079e+02
   1.0456006671662217e+02
   1.0546031087232440e+02
   1.0618983119381029e+02
   1.0708195956812088e+02
   1.0811327570371252e+02
   1.0914560117695321e+02
   1.1006506281694162e+02
   1.1062913405114502e+02
   1.1151930229381709e+02
   1.1192207995650530e+02
   1.1176799962385714e+02
   1.1135587361506610e+02
   1.1069518252172630e+02
   1.0952489740673128e+02
   1.0823188827756449e+02
   1.0668370260322305e+02
   1.0451679576448358e+02
   1.0189287954199925e+02
   9.9217167449004847e+01
   9.7000390629372347e+01
   9.5781517834079182e+01
   9.6197781011159336e+01
   9.8839028501477713e+01
   1.0232629796249216e+02
   1.0618265856628372e+02
   1.0834511267984927e+02
   1.0912704979688343e+02
   1.0923327382244169e+02
   1.0942550245921518e+02
   1.0993784104696093e+02
   1.1049307129594285e+02
   1.1085485780330467e+02
   1.1048730166326459e+02
   1.0932488491957537e+02
   1.0777667887182872e+02
   1.0573043045886340e+02
   1.0334488175891634e+02
   1.0119274816559724e+02
   9.9394596577650887e+01
   9.8023655256363469e+01
   9.7445212678604250e+01
   9.7339524265589660e+01
   9.7724866214077764e+01
   9.7939625305219678e+01
   9.8063737457394950e+01
   9.7903166394526636e+01
   9.7485276537509122e+01
   9.6636114859686160e+01
   9.5638746910956087e+01
   9.4628939847339979e+01
   9.3786726162113183e+01
   9.3166626288244871e+01
   9.2787104891535449e+01
   9.2370078519525777e+01
   9.1976078100843964e+01
   9.1587170191751454e+01
   9.1376884466179945e+01
   9.1288335197213016e+01
   9.1426427202605907e+01
   9.2038557441219311e+01
   9.3173626773653467e+01
   9.4868887033242288e+01
   9.6659700870166617e+01
   9.8413875881901291e+01
   9.9658179018422047e+01
   1.0008543272246197e+02
   9.9640102898167569e+01
   9.8446905981598889e+01
   9.6675355482772929e+01
   9.4474544375109986e+01
   9.2492220271221996e+01
   9.0429978728136774e+01
   8.8808377576524265e+01
   8.7910143138944420e+01
   8.7419992220194018e+01
   8.7019777645146632e+01
   8.6773769495414115e+01
   8.6526955091833130e+01
   8.6413420030413548e+01
   8.6646961087599635e+01
   8.7029920915063016e+01
   8.7575368041126708e+01
   8.8096058599389480e+01
   8.8274504257147584e+01
   8.8137226368555034e+01
   8.7717787963911391e+01
   8.7065219097958604e+01
   8.6192938455977256e+01
   8.5214092169004047e+01
   8.4654965987990494e+01
   8.4263774455209656e+01
   8.4247083214918064e+01
   8.4404528558716095e+01
   8.4805244394739091e+01
   8.5242517135358142e+01
   8.5611887226988955e+01
   8.5790485142635092e+01
   8.5795645531656476e+01
   8.5469465499902185e+01
   8.5123442505752976e+01
   8.4788223836078359e+01
   8.4676493388578379e+01
   8.4445095020953232e+01
   8.4435335431334536e+01
   8.4163008908632861e+01
   8.4140721783884061e+01
   8.3860708657059462e+01
   8.4008012353546718e+01
   8.3454607880374709e+01
   8.2956963791239218e+01
   8.2545510641182275e+01
   8.1937890641825334e+01
   8.1773231199875468e+01
   8.1380517224167818e+01
   8.1113788085478348e+01
   8.1095940265180701e+01
   8.1121820687123389e+01
   8.1071482037417823e+01
   8.0774956174155164e+01
   8.0494850365793525e+01
   8.0215599271932604e+01
   7.9966603594652540e+01
   7.9751751238291192e+01
   7.9751313587181258e+01
   7.9513319112527626e+01
   7.9598158892825808e+01
   7.9339800637998209e+01
   7.9344603222334669e+01
   7.8870480188903315e+01
   7.8545052525138473e+01
   7.8257840614731776e+01
   7.7762156906200360e+01
   7.7468293766198315e+01
   7.7109984849075943e+01
   7.6718259914352686e+01
   7.6285407474941948e+01
   7.5741810993018248e+01
   7.5487026037302726e+01
   7.5200653515099958e+01
   7.4901006211416444e+01
   7.4583943083839358e+01
   7.4398017741456130e+01
   7.4149869019215757e+01
   7.3932017392167211e+01
   7.3622851133847320e+01
   7.3368181510300872e+01
   7.3164479109006351e+01
   7.2993585110710256e+01
   7.2673494591729380e+01
   7.2486988267327320e+01
   7.2367268073289438e+01
   7.2278142086000400e+01
   7.2070057750992305e+01
   7.1975817888092223e+01
   7.1842025911239404e+01
   7.1645654487928340e+01
   7.1460640770123632e+01
   7.1513230384230297e+01
   7.1308087589272418e+01
   7.1148336825997021e+01
   7.1138156880057295e+01
   7.1020146195025077e+01
   7.0914429473032641e+01
   7.0721493127966255e+01
   7.0794396478106208e+01
   7.0722162302102902e+01
   7.0620431095201852e+01
   7.0532950064231358e+01
   7.0502144556821889e+01
   7.0342247823108380e+01
   7.0318904570660777e+01
   7.0244985463171389e+01
   7.0207368874802071e+01
   6.9994528330828103e+01
   6.9969587660531687e+01
   6.9782812222274544e+01
   6.9755816024819978e+01
   6.9574623660275961e+01
   6.9476916356713375e+01
   6.9264653068719056e+01
   6.9104765163782290e+01
   6.8978564529345022e+01
   6.8838043934720261e+01
   6.8717582510315026e+01
   6.8662427659040034e+01
   6.8764920054251220e+01
   6.8444705477590091e+01
   6.8340767378940839e+01
   6.8129599541021776e+01
   6.7938023311563327e+01
   6.7604931522589766e+01
   6.7365602142355172e+01
   6.7075316352181318e+01
   6.6835172249514756e+01
   6.6522386261188728e+01
   6.6349254272972232e+01
   6.6068832232784544e+01
   6.5881043266765502e+01
   6.5502118591634783e+01
   6.5207249929044877e+01
   6.4895674967503169e+01
   6.4780204177724912e+01
   6.4469648660575515e+01
   6.4169625600966143e+01
   6.3990920465013666e+01
   6.3703393826564117e+01
   6.3637936020961405e+01
   6.3596205202940816e+01
   6.3320203874688502e+01
   6.3159757203025677e+01
   6.3042546209140163e+01
   6.2892582444847896e+01
   6.2768614251460370e+01
   6.2639854542627702e+01
   6.2584565651277636e+01
   6.2565696157630200e+01
   6.2440540234228045e+01
   6.2058914439374007e+01
   6.1913523287317261e+01
   6.3126966639994173e+01
   6.6709536721128828e+01
   7.2918598558485016e+01
   7.9339668273407469e+01
   8.5290106424351634e+01
   9.0717290232495230e+01
   9.5278443276107694e+01
   9.8457996590369149e+01
   1.0042889639390104e+02
   1.0199418400503214e+02
   1.0315439307707511e+02
   1.0432720511706394e+02
   1.0543909328801934e+02
   1.0636953101357709e+02
   1.0698746004350976e+02
   1.0770438987558323e+02
   1.0833705543628521e+02
   1.0927196360002067e+02
   1.1020446279657149e+02
   1.1078062382754007e+02
   1.1114035988254057e+02
   1.1123982061950323e+02
   1.1075914063605931e+02
   1.0989307304672994e+02
   1.0862877639767295e+02
   1.0722441983881748e+02
   1.0556720071674482e+02
   1.0323051243298291e+02
   1.0050676048195280e+02
   9.8394119206962813e+01
   9.7309804251565140e+01
   9.6668925311871732e+01
   9.8380144150285886e+01
   1.0128952201944880e+02
   1.0615322905205839e+02
   1.1013547648896657e+02
   1.1271471982172496e+02
   1.1352282486104598e+02
   1.1311717299070449e+02
   1.1179258532521236e+02
   1.0991420924056399e+02
   1.0798855368238016e+02
   1.0611580490087545e+02
   1.0440989821716845e+02
   1.0284439294432096e+02
   1.0128893894537561e+02
   9.9520668585969034e+01
   9.7522990948528715e+01
   9.5567325737679127e+01
   9.4089554310982621e+01
   9.3478424042918874e+01
   9.3471504421889534e+01
   9.3659184025268914e+01
   9.4200022274528450e+01
   9.4376636486395626e+01
   9.4141823491083784e+01
   9.3863727780882982e+01
   9.3330435729544647e+01
   9.2897823869544965e+01
   9.2702447423412821e+01
   9.2640264421817790e+01
   9.2819170031744846e+01
   9.3426626126187344e+01
   9.3548601703454210e+01
   9.3843718775251475e+01
   9.3511008096491054e+01
   9.3052721749133056e+01
   9.2653595841266110e+01
   9.1924153353066473e+01
   9.1603809815491445e+01
   9.1597746591461316e+01
   9.1666002560550723e+01
   9.2237542286798742e+01
   9.2483833049177022e+01
   9.2653524542863849e+01
   9.3085131177415974e+01
   9.3172420457400506e+01
   9.3442192885378319e+01
   9.3478484695361715e+01
   9.3553084780691137e+01
   9.3358370165523453e+01
   9.2602203369103918e+01
   9.1437159726698923e+01
   9.0140819559755585e+01
   8.8524308143975233e+01
   8.6859795465972880e+01
   8.5636671025735112e+01
   8.4848842766250655e+01
   8.4755579212993936e+01
   8.4846073665212629e+01
   8.5278425972302983e+01
   8.5632663504747939e+01
   8.5833302719549934e+01
   8.6090808093747142e+01
   8.6186281571939517e+01
   8.5977740052088848e+01
   8.5837690496404278e+01
   8.5373051473574492e+01
   8.5444229617632459e+01
   8.5184889829852722e+01
   8.4966793953863458e+01
   8.4978247135623306e+01
   8.4735524895828306e+01
   8.4549690488984581e+01
   8.4146044716968618e+01
   8.3914793075520478e+01
   8.3626635575116907e+01
   8.3643439477117056e+01
   8.3524846694242996e+01
   8.3706369952408636e+01
   8.3766398375959554e+01
   8.3789391138801747e+01
   8.3554286273337212e+01
   8.3446136305086526e+01
   8.2941525289951741e+01
   8.2706381422238707e+01
   8.2523429813548447e+01
   8.2247146491235554e+01
   8.1886463319575753e+01
   8.1536264362977050e+01
   8.1376552446541069e+01
   8.1214044617460900e+01
   8.0878264087391116e+01
   8.0728592493873435e+01
   8.0318571798542052e+01
   8.0017308843264757e+01
   7.9787157779413363e+01
   7.9410259474594298e+01
   7.9342772718399885e+01
   7.9088180976210253e+01
   7.9027981850668368e+01
   7.9017126111448661e+01
   7.9025050608316036e+01
   7.8849538342900075e+01
   7.8878157014544058e+01
   7.8534305155825294e+01
   7.8122069708725519e+01
   7.7630465741620753e+01
   7.7204549475951836e+01
   7.6777169259138773e+01
   7.6180334389803903e+01
   7.5653435015111384e+01
   7.5137487369116116e+01
   7.4763788785074880e+01
   7.4309493503784637e+01
   7.4182885474590080e+01
   7.3683747965054039e+01
   7.3403952070821830e+01
   7.3307657804260742e+01
   7.3085992623845101e+01
   7.3063917006886371e+01
   7.2922796528463138e+01
   7.2897529359869779e+01
   7.2616442584132272e+01
   7.2385551591639171e+01
   7.2062996822859844e+01
   7.1565473698053182e+01
   7.1146724634092180e+01
   7.0943733947640112e+01
   7.0501462436012119e+01
   7.0349880988401395e+01
   7.0109529062967212e+01
   6.9842550663438786e+01
   6.9552805382495677e+01
   6.9391609022958093e+01
   6.9276946777079772e+01
   6.9074406057276406e+01
   6.8906030466452094e+01
   6.8652919534876077e+01
   6.8427338586639095e+01
   6.8256448872766768e+01
   6.7867175399654869e+01
   6.7618449192321336e+01
   6.7363328742254495e+01
   6.7343995992650434e+01
   6.7328206561877479e+01
   6.7352519097576476e+01
   6.7256369645406352e+01
   6.7270216272671419e+01
   6.7069241342149382e+01
   6.6983725088213561e+01
   6.6731678256906960e+01
   6.6604923741093458e+01
   6.6406966764603112e+01
   6.6142948647710426e+01
   6.5851649374371689e+01
   6.5660049423869182e+01
   6.5415833121899908e+01
   6.5251341620278779e+01
   6.5247514034320957e+01
   6.5153852273965910e+01
   6.4837335146567511e+01
   6.4797063926161371e+01
   6.4497978482744628e+01
   6.4378614180780389e+01
   6.4257258501796102e+01
   6.4185070506607545e+01
   6.4048325770028185e+01
   6.3923959675746140e+01
   6.3855324454175289e+01
   6.3899968013893059e+01
   6.3865257045166231e+01
   6.3824028133522404e+01
   6.3856271776128644e+01
   6.3708801826721050e+01
   6.3641196875736320e+01
   6.3447217203397187e+01
   6.3462032073737319e+01
   6.3389013741541021e+01
   6.3238383429021333e+01
   6.3226409934665938e+01
   6.3213068963297616e+01
   6.3178682905373982e+01
   6.2987429593829297e+01
   6.3022233223556562e+01
   6.2906298503451175e+01
   6.2884512067543646e+01
   6.2788080191911320e+01
   6.2845909416378397e+01
   6.2752199703598734e+01
   6.2716315004707106e+01
   6.2870115694646415e+01
   6.2733823622069544e+01
   6.2720758638086259e+01
   6.2683784599184413e+01
   6.2614335183707198e+01
   6.2610604277127081e+01
   6.2471879885987377e+01
   6.2407963010940094e+01
   6.2495932618761323e+01
   6.2467576597752455e+01
   6.2359673866582000e+01
   6.2323790498511499e+01
   6.2326439563823392e+01
   6.2336352502573654e+01
   6.2301072784607619e+01
   6.2151555089139045e+01
   6.2138872659129703e+01
   6.2061596579448491e+01
   6.1976885445851714e+01
   6.1897775448053061e+01
   6.1772637589350715e+01
   6.1661845977621581e+01
   6.1559081519505852e+01
   6.1340654536828112e+01
   6.1194212837920901e+01
   6.0925239335654453e+01
   6.0499385572499897e+01
   6.0081022998194875e+01
   6.0083041043567839e+01
   6.1721569133007208e+01
   6.6634642096617569e+01
   7.3434971401132529e+01
   8.0458545702501837e+01
   8.6289954581224109e+01
   9.1282846423448817e+01
   9.5081899819717478e+01
   9.7704438885386779e+01
   9.9590149653469652e+01
   1.0132891652127577e+02
   1.0272127088737614e+02
   1.0384277826174113e+02
   1.0487806279460075e+02
   1.0585266804612472e+02
   1.0676875392799377e+02
   1.0789219446758318e+02
   1.0912191920619267e+02
   1.1005794277093872e+02
   1.1148251997715047e+02
   1.1283677713998954e+02
   1.1348431270244679e+02
   1.1338312538897914e+02
   1.1263536174975405e+02
   1.1137369666755541e+02
   1.0928850559009645e+02
   1.0662076691142799e+02
   1.0353365378935884e+02
   1.0089377988448324e+02
   9.9022484579287934e+01
   9.7761411806396595e+01
   9.7776096579753727e+01
   1.0094350632716508e+02
   1.0529609020883699e+02
   1.0943432926620548e+02
   1.1185408366712500e+02
   1.1301172727512390e+02
   1.1328017918506553e+02
   1.1307559838426710e+02
   1.1233011690580950e+02
   1.1087561119938343e+02
   1.0891262903045777e+02
   1.0629992877636995e+02
   1.0328862918450629e+02
   1.0023408732059920e+02
   9.7571241212330264e+01
   9.5477680831679351e+01
   9.4094128459313495e+01
   9.3333665513810843e+01
   9.2937242868620984e+01
   9.2743054255128243e+01
   9.2752445934218372e+01
   9.2732233595103224e+01
   9.3081662038832931e+01
   9.3609089576265916e+01
   9.4707095789148681e+01
   9.6219909388223840e+01
   9.8382119691278376e+01
   1.0107872016057769e+02
   1.0383353962601664e+02
   1.0630162212082914e+02
   1.0784695962352059e+02
   1.0833696588069763e+02
   1.0783304550642220e+02
   1.0622016371173078e+02
   1.0439792252890132e+02
   1.0264794997383862e+02
   1.0156630207557461e+02
   1.0131548928921384e+02
   1.0193373547671753e+02
   1.0302120737689623e+02
   1.0438502881636202e+02
   1.0509586762606811e+02
   1.0527236697702091e+02
   1.0419156405548561e+02
   1.0232134620396761e+02
   9.9960975762379476e+01
   9.7626635804221991e+01
   9.6085013019323355e+01
   9.5657137866009876e+01
   9.6585698709623017e+01
   9.8513750016123012e+01
   1.0062054290619791e+02
   1.0273762354642113e+02
   1.0392382471362501e+02
   1.0451754910982801e+02
   1.0391053856144640e+02
   1.0293329143295998e+02
   1.0136596476991373e+02
   9.9766652687511780e+01
   9.8118066502204300e+01
   9.6825389953342224e+01
   9.5369233478977165e+01
   9.4233078271328154e+01
   9.3087978230937352e+01
   9.2081691901930455e+01
   9.1353278677090557e+01
   9.0957213627936440e+01
   9.0632513384357580e+01
   9.0589481300070659e+01
   9.0549606003860049e+01
   9.0507958422408763e+01
   9.0528081279516385e+01
   9.0109613706828611e+01
   8.9696287258927782e+01
   8.9362769199189870e+01
   8.8920850125620831e+01
   8.8607877307554631e+01
   8.8651913581623617e+01
   8.8671082854951109e+01
   8.8918470591004677e+01
   8.9072405362560644e+01
   8.8995236605186875e+01
   8.8514988149338990e+01
   8.7890104308940693e+01
   8.6958945970891691e+01
   8.5832598641589612e+01
   8.4751826763042260e+01
   8.3912068662392258e+01
   8.3519722297357688e+01
   8.3398973817216216e+01
   8.3380756846367149e+01
   8.3361620315951555e+01
   8.3528262051155721e+01
   8.3213736907313603e+01
   8.2842413158910702e+01
   8.2288226768952583e+01
   8.1723815653980438e+01
   8.1079905342421668e+01
   8.0458699656957279e+01
   8.0005920886558727e+01
   7.9414090487750514e+01
   7.9060524855156217e+01
   7.8622323255492660e+01
   7.8124312855076326e+01
   7.7554431321940811e+01
   7.7160827600930091e+01
   7.6718253794721477e+01
   7.6250491132846363e+01
   7.5779537460818844e+01
   7.5512987376152083e+01
   7.5147599834952402e+01
   7.4864947297217199e+01
   7.4519539134120620e+01
   7.4278404307153252e+01
   7.4061567278253747e+01
   7.3777466344672320e+01
   7.3472452209915488e+01
   7.3234695718331636e+01
   7.2909874097356919e+01
   7.2743758109929502e+01
   7.2651600653111700e+01
   7.2430069459003292e+01
   7.2200524150350958e+01
   7.1911038221362304e+01
   7.1564394664584484e+01
   7.1073763578681735e+01
   7.0811039083616919e+01
   7.0667633692641587e+01
   7.0431624048903018e+01
   7.0232025782315588e+01
   6.9994423817939435e+01
   6.9702404899916274e+01
   6.9505649674873411e+01
   6.9281910998193794e+01
   6.8997545052177045e+01
   6.8742725966538188e+01
   6.8373135516581073e+01
   6.8033615444047740e+01
   6.7503762729349461e+01
   6.7064872033230671e+01
   6.6656976929782672e+01
   6.6139022688779178e+01
   6.5992158986241080e+01
   6.5341974452543852e+01
   6.4908122068341186e+01
   6.3823348276059100e+01
   6.3022860661304513e+01
   6.2133078589351086e+01
   6.1002427529453328e+01
   6.0259363317231745e+01
   5.9686179959468625e+01
   5.9655024455576417e+01
   5.9556559732065004e+01
   5.9392161174510896e+01
   5.9040576988076083e+01
   5.9158445249319492e+01
   5.9128270207150869e+01
   5.9067538589944661e+01
   5.9087778187982721e+01
   5.9096268018723528e+01
   5.9076043574581938e+01
   5.9000766191728403e+01
   5.9029785789734667e+01
   5.8960726331554511e+01
   5.8916734904591848e+01
   5.8898110269589253e+01
   5.8773870516081800e+01
   5.8763323077864740e+01
   5.8656672751356240e+01
   5.8814602746034517e+01
   5.8829914972795386e+01
   5.8905710878625982e+01
   5.9046050119673161e+01
   5.8892009643409558e+01
   5.8984568644025188e+01
   5.8980416271746350e+01
   5.8964331874278415e+01
   5.9056867741200421e+01
   5.8995008603083605e+01
   5.9083110856241397e+01
   5.9137653455336668e+01
   5.9152948495107374e+01
   5.9630227195711406e+01
   5.9289148483011886e+01
   5.9347259770249110e+01
   5.9953349717047097e+01
   5.9503229079401358e+01
   5.9552204704380237e+01
   5.9995326792428109e+01
   5.9589569938896894e+01
   5.9571733997401111e+01
   6.0074517799462726e+01
   5.9717237776550277e+01
   5.9569038407338361e+01
   5.9750727154847560e+01
   5.9227160472595514e+01
   5.7305429026591476e+01
   5.7257150510231561e+01
   5.9056978170867502e+01
   5.9021691885890377e+01
   5.9035160114014452e+01
   5.9049740378348027e+01
   5.8919356688108721e+01
   5.8918305021003746e+01
   5.8935533300468897e+01
   5.9002779600232699e+01
   5.9022870868467237e+01
   5.9089422417519856e+01
   5.9279018596461583e+01
   5.9135385380280930e+01
   5.9163407613438991e+01
   5.9190940232020040e+01
   5.9271262707900142e+01
   5.9360184105757440e+01
   5.9280730605801971e+01
   5.9420170774199434e+01
   5.9652798493330344e+01
   5.9929963755156294e+01
   6.0265047666337693e+01
   6.0602860142626909e+01
   6.0848123646389482e+01
   6.0953900153914525e+01
   6.1055117133823288e+01
   6.0900355173168599e+01
   6.0911272249239993e+01
   6.0825070323162365e+01
   6.0494339068971058e+01
   6.0204625089536890e+01
   6.0295158384575792e+01
   6.1147183059643822e+01
   6.3147469368477253e+01
   6.6842569738802482e+01
   7.2274331339225782e+01
   7.8440723900138934e+01
   8.4453443305330609e+01
   8.9727900526143216e+01
   9.3779211702747034e+01
   9.6668031467833103e+01
   9.8685732410007503e+01
   1.0019082139703509e+02
   1.0159060150059243e+02
   1.0288577384501797e+02
   1.0414031157843114e+02
   1.0538210656513770e+02
   1.0672250304591304e+02
   1.0830939305799369e+02
   1.1004084034649483e+02
   1.1179968514209783e+02
   1.1331528202365909e+02
   1.1416659333188615e+02
   1.1423169449263482e+02
   1.1348936859077813e+02
   1.1204819161370274e+02
   1.0989152106304175e+02
   1.0731152628717817e+02
   1.0420761310402872e+02
   1.0117345845435278e+02
   9.8951830178237770e+01
   9.7683791243657836e+01
   9.8019060021404769e+01
   9.8951321788898397e+01
   1.0059907944424626e+02
   1.0237462083525605e+02
   1.0293446720698161e+02
   1.0256578197823484e+02
   1.0171316965154168e+02
   1.0068607520669045e+02
   9.9855818326166272e+01
   9.9072238197671481e+01
   9.8041708257816751e+01
   9.7227681206088334e+01
   9.6219893102511264e+01
   9.5477022194534953e+01
   9.4850098360327777e+01
   9.4576024419884561e+01
   9.4568008863872436e+01
   9.4488339736902319e+01
   9.4916614482841666e+01
   9.4680292626139789e+01
   9.4904331414398555e+01
   9.4896237465111980e+01
   9.4822508420949987e+01
   9.4700605850685065e+01
   9.4921931999247505e+01
   9.4764262734211698e+01
   9.4837418733097493e+01
   9.4726597249039003e+01
   9.4340286166986687e+01
   9.4032898170693500e+01
   9.3237445906419353e+01
   9.2963804472775493e+01
   9.2591514095522413e+01
   9.2405420841942828e+01
   9.2569978629553503e+01
   9.2790452829939952e+01
   9.3350557397344062e+01
   9.3693064013566186e+01
   9.4282122962010078e+01
   9.4432434635206036e+01
   9.4263200672425967e+01
   9.4184729064099116e+01
   9.3784761494689533e+01
   9.3465308308382092e+01
   9.3247881662526922e+01
   9.2972235502168417e+01
   9.2798287530391192e+01
   9.2478510679622673e+01
   9.2163540419676536e+01
   9.1842865401778951e+01
   9.1261798037801270e+01
   9.1116561629127119e+01
   9.0792075735252979e+01
   9.0306519920551523e+01
   9.0323115918293595e+01
   9.0105774164981341e+01
   9.0093946897668701e+01
   8.9993858805379602e+01
   8.9850014109851102e+01
   8.9651777912720107e+01
   8.9712220625020265e+01
   8.9547714902533883e+01
   8.9523648295580088e+01
   8.9256710889572361e+01
   8.8954332038391698e+01
   8.8827098323176585e+01
   8.8697696164421856e+01
   8.8584551359194279e+01
   8.8925388502427822e+01
   8.8962445005904954e+01
   8.9114105500146820e+01
   8.8761911157222045e+01
   8.8388601153776392e+01
   8.7785825574372339e+01
   8.7326115540451539e+01
   8.6867001196765301e+01
   8.6583680114035801e+01
   8.6342608934470462e+01
   8.6081493176047459e+01
   8.5896565028229645e+01
   8.5707426923364963e+01
   8.5364975149539362e+01
   8.4736533313936789e+01
   8.4315988740113156e+01
   8.3862063922896596e+01
   8.3452039842647054e+01
   8.3146999474352967e+01
   8.2930438523032052e+01
   8.2600880462589373e+01
   8.2384678523034452e+01
   8.1907209843439418e+01
   8.1252706777056190e+01
   8.0755590323957335e+01
   8.0125291969973659e+01
   7.9692230389608227e+01
   7.9516746175054664e+01
   7.9137998453091157e+01
   7.8804559540048245e+01
   7.8574708452336210e+01
   7.8418277201157281e+01
   7.8460730832098776e+01
   7.8532654691902280e+01
   7.8584260187685771e+01
   7.8436273680610299e+01
   7.8271122631550170e+01
   7.7766254624009960e+01
   7.7702204317155321e+01
