   5.2502519962851068e+01
   4.3458451946418698e+01
   3.5493257731388077e+01
   4.0560303830257098e+01
   3.6781111992729798e+01
   4.0194386655484074e+01
   4.1069880891101747e+01
   5.7271523531104599e+01
   4.9372382192047048e+01
   4.8065925241781052e+01
   5.0261036407872908e+01
   4.2286043835377853e+01
   4.6063814932547018e+01
   5.0049491562264954e+01
   5.7993684629719397e+01
   4.5403584481711789e+01
   4.9766454213177489e+01
   4.5846809036523545e+01
   4.6285188572276930e+01
   4.6372943340617375e+01
   6.3642168162049501e+01
   4.2834752792886306e+01
   5.7348694589717702e+01
   5.6801451978579877e+01
   5.3299157198077594e+01
   4.6036643860652759e+01
   5.6667023199304964e+01
   5.1181795568257307e+01
   5.3648492016529488e+01
   5.4381634977598672e+01
   4.9047507753936017e+01
   5.5466416541539054e+01
   5.5084618629962115e+01
   4.5712097525011707e+01
   6.3275686009237688e+01
   4.0198519472489288e+01
   6.7553475743574836e+01
   4.4913466048913101e+01
   4.9819616677178537e+01
   5.5270207842992832e+01
   5.9132314160479190e+01
   4.1335166865322670e+01
   6.2780164048789167e+01
   5.5042987939395147e+01
   4.6819521584393179e+01
   5.9539180831048682e+01
   5.7612011787056758e+01
   4.2184421868113461e+01
   5.8105187656730870e+01
   5.1934460319719470e+01
   4.4025242176664946e+01
   6.0095842812220127e+01
   5.8043034458501872e+01
   4.5200102356534856e+01
   4.7486080705830055e+01
   5.3751432776050386e+01
   5.3728673590908578e+01
   5.0676752232229404e+01
   6.3664821791112750e+01
   5.0451771157274997e+01
   4.6406196369557108e+01
   5.4822708358764750e+01
   4.5308934441410692e+01
   5.0367698875770955e+01
   5.7426052672332169e+01
   5.5899865252409668e+01
   5.8565255746657961e+01
   6.3301465200552727e+01
   4.6337958588855358e+01
   5.9608684616137282e+01
   6.0501112446994291e+01
   6.0357377977475217e+01
   5.6201963650654143e+01
   6.1570001636735519e+01
   6.6997890197108418e+01
   6.1194555873412163e+01
   6.5592224454712778e+01
   5.9581691916840896e+01
   6.7558924380937057e+01
   7.0508371580179528e+01
   6.6226645778255786e+01
   6.6966848680121700e+01
   6.7501784868193653e+01
   6.8652839001573867e+01
   5.2417623083747579e+01
   6.4604443168847467e+01
   6.2901697264098239e+01
   6.2886564676498217e+01
   4.8813597209847842e+01
   6.4008272214080890e+01
   6.2697856274071349e+01
   4.5973500167711784e+01
   6.2934906529141941e+01
   6.1529866594299939e+01
   4.7936558684733264e+01
   6.2465017881321877e+01
   5.0416280341713453e+01
   5.9928240425420348e+01
   5.5816763064798856e+01
   6.3235775477374162e+01
   5.2512083285318454e+01
   4.9024808277761544e+01
   6.4941200664053127e+01
   4.9444942358893321e+01
   4.6418346726139362e+01
   6.4009712136972453e+01
   4.8633457422602334e+01
   6.4656590395270925e+01
   5.9541324711094646e+01
   6.6338549467562018e+01
   6.0756295170695772e+01
   6.9343299033482111e+01
   6.6336458428226251e+01
   6.5220973935734762e+01
   6.6767166213073523e+01
   5.7728953542381177e+01
   6.7027608676771877e+01
   6.5598565231245800e+01
   6.5202575974076254e+01
   5.7644532021683716e+01
   6.2896700444936606e+01
   6.5837942493586510e+01
   6.0014543086502599e+01
   6.3001303451487786e+01
   6.2638075238180207e+01
   5.9810200548877937e+01
   6.3191235107707840e+01
   5.9741891612462410e+01
   6.3330287367729532e+01
   5.9931460839229757e+01
   6.0719820797054815e+01
   6.2660232972028950e+01
   5.6063024279815373e+01
   6.7199340558336289e+01
   6.2092936534923119e+01
   6.6125922214056786e+01
   6.5569523373278813e+01
   6.6516838344098744e+01
   6.2011052789906785e+01
   5.8803713276413767e+01
   6.3206744516022333e+01
   6.7222461751020973e+01
   6.5143369010747406e+01
   6.7088264461135580e+01
   5.9604269562538420e+01
   7.1193902704855134e+01
   6.9880183197315588e+01
   6.8076422512756281e+01
   6.6507776752257968e+01
   7.2789505553295939e+01
   6.7722844770865379e+01
   7.2899086766256247e+01
   7.3917309591876517e+01
   7.4841370032340578e+01
   7.4865047094303719e+01
   7.2649389662951677e+01
   7.1868912967184173e+01
   6.9246604757026915e+01
   6.6958546043990182e+01
   6.5389982248913327e+01
   6.3841209814698246e+01
   6.3830418714124868e+01
   6.0553168248048017e+01
   5.7823777405731242e+01
   5.9353472754028552e+01
   5.8831514128234716e+01
   5.0981560388719878e+01
   5.3759710646347948e+01
   5.3296205396856948e+01
   5.3453876344777861e+01
   5.4823254047818509e+01
   5.0234804199106598e+01
   5.0678171704449724e+01
   4.8056016471317328e+01
   4.8491220545098827e+01
   5.3129572306686399e+01
   5.6730805050834661e+01
   6.1106902143645740e+01
   6.2774445006717770e+01
   5.8054357934455510e+01
   4.7915548187744513e+01
   3.5747064731389315e+01
   1.5689594216903068e+01
   2.5128286004637062e+00
   1.0000000000000000e+00
   1.0000000000000000e+00
   1.0000000000000000e+00
   1.0000000000000000e+00
   1.0000000000000000e+00
   1.0000000000000000e+00
   5.1081700937329337e+00
   1.5878433350261332e+01
   2.1345425243235169e+01
   2.8298581236021629e+01
   5.8508002461685585e+01
   8.7455643242822902e+01
   9.9397362875467607e+01
   1.4040877710014948e+02
   1.0145767561226606e+02
   9.5960085122175414e+01
   9.7798762845112250e+01
   9.7107692659093900e+01
   9.8486085394678312e+01
   1.0025158437893826e+02
   1.0067670841800937e+02
   1.0425105884184880e+02
   1.0401103712445776e+02
   9.5411825334083559e+01
   9.4679982334348665e+01
   9.1317858733954267e+01
   8.7490358563393698e+01
   8.8636141048892853e+01
   8.7084548524728390e+01
   7.8370092904149374e+01
   4.5488689564537573e+01
   3.4329195883302837e+01
   5.0696678401089144e+01
   6.2713866403036008e+01
   5.1246094482035375e+01
   5.9750546770679790e+01
   5.6087818263109746e+01
   4.0941228746239133e+01
   4.5577475121586502e+01
   4.0762161120116069e+01
   4.0266415341957455e+01
   4.7074333318673638e+01
   5.7947573635282751e+01
   4.3059651140559843e+01
   4.8836042244239927e+01
   4.4992287413320796e+01
   4.7552421461029979e+01
   4.1657028824970908e+01
   4.1793447938345537e+01
   4.4991847249258541e+01
   4.5691721608638161e+01
   4.1686455480304375e+01
   5.0508668438999436e+01
   4.8239130342646050e+01
   4.3420580993196133e+01
   5.9609501371587100e+01
   4.7388449103330501e+01
   4.2617057923362992e+01
   6.1622214894544975e+01
   4.2461474330239277e+01
   4.6644344528472558e+01
   6.0460705645933174e+01
   4.0783002694102748e+01
   6.3220256946499902e+01
   4.1727068863034368e+01
   4.5346368779369591e+01
   4.7491413484599768e+01
   4.1423290976873652e+01
   4.8422637836964867e+01
   4.3245785898914875e+01
   4.5015931049303113e+01
   4.9499345155751385e+01
   4.4272118689760077e+01
   5.7903088651006769e+01
   3.9895692255757282e+01
   5.3843190831106327e+01
   4.8088504683911246e+01
   4.4626365624484542e+01
   4.9046982868029026e+01
   4.9072622492937583e+01
   5.0345079554733935e+01
   4.2742416417042023e+01
   4.4600276107933198e+01
   4.9019481109322143e+01
   4.8302865795129357e+01
   4.2029701454941929e+01
   5.5935658362228928e+01
   5.6997095575999168e+01
   4.8257926456992145e+01
   5.7864338032680841e+01
   6.2397069578024691e+01
   5.4866115914932315e+01
   6.2193155954657193e+01
   4.8710256521151130e+01
   6.4173766553601837e+01
   4.4300172511624496e+01
   5.1239739017960645e+01
   5.9566660283787527e+01
   5.6702433010782777e+01
   4.5617260731114960e+01
   6.0792046723562294e+01
   5.5746335034554477e+01
   4.6239885383236164e+01
   5.9630738818511595e+01
   6.5626926849690975e+01
   6.3905056266887705e+01
   5.8570322872583489e+01
   6.5510623388514560e+01
   5.7589966924472556e+01
   6.8444145722644734e+01
   6.2161429002692429e+01
   7.0578043289313442e+01
   6.3691668063832310e+01
   6.5519030317723761e+01
   5.8951300150168109e+01
   7.1127943018616762e+01
   5.0502897384696716e+01
   6.4134245096222614e+01
   5.8571530711595841e+01
   4.9488908051446181e+01
   6.0182585779432301e+01
   5.4797677303256052e+01
   5.6043479323939593e+01
   6.1898045920687451e+01
   4.9659775514453287e+01
   6.3079665501877926e+01
   4.1656134362928327e+01
   5.8232770904474762e+01
   4.9943945537427396e+01
   4.7599167935324076e+01
   6.3779522594181884e+01
   6.2667394939988945e+01
   5.5498663678933184e+01
   4.4112569519563188e+01
   6.3344934876492900e+01
   4.5502491550491989e+01
   4.5768134720810473e+01
   5.7060673082991606e+01
   4.8499646383027283e+01
   6.2334518323091075e+01
   6.5394072250173451e+01
   5.8799516994733395e+01
   6.8989990592666473e+01
   6.3997001651439533e+01
   4.6075266784190511e+01
   6.5720850641140856e+01
   6.7774927867031352e+01
   5.9399039274775753e+01
   5.0916998073196758e+01
   6.9611622264267169e+01
   6.5046561693351407e+01
   5.9022816403301483e+01
   6.3775992411935995e+01
   6.2238852015843236e+01
   6.2684563119078739e+01
   4.8307101751782945e+01
   6.5946674632646435e+01
   6.1266653549326591e+01
   5.1228771976499480e+01
   6.7324883827639027e+01
   5.0980571393563025e+01
   6.6987927419375509e+01
   5.0443262981421874e+01
   6.3878298882561900e+01
   6.6241427212949532e+01
   5.8511021779061892e+01
   6.2017074109558749e+01
   6.2282018576362873e+01
   5.7174030179096519e+01
   6.5315324711678770e+01
   5.2995838214669917e+01
   6.4212760592800066e+01
   5.2219175287713796e+01
   5.2070032492316180e+01
   5.9105222311975815e+01
   6.2130706848193711e+01
   5.0120383287905049e+01
   6.6669714390393665e+01
   5.7824498887881354e+01
   5.7768676232425349e+01
   6.1675961517828412e+01
   6.2863758441172564e+01
   6.3955370841095800e+01
   5.9116084506765958e+01
   5.9390855403494079e+01
   5.9755839879724526e+01
   6.5022853834967705e+01
   5.6678930064370860e+01
   6.5915605527179082e+01
   6.2391130552138478e+01
   6.4173433444811636e+01
   6.6098957889743218e+01
   6.6416124301836575e+01
   6.6219600008462166e+01
   6.2023315451219752e+01
   6.6819608234196366e+01
   6.9255428465848624e+01
   6.3668801386033898e+01
   6.8546224191744770e+01
   6.6998869885216152e+01
   7.0049615250889190e+01
   6.9525129645434589e+01
   6.9948665273669150e+01
   6.5889934085296986e+01
   6.6929171859645422e+01
   7.0430448575697952e+01
   6.8688395626951177e+01
   6.9242698515405493e+01
   6.4945902305953709e+01
   7.2298414316269572e+01
   6.1646590343748130e+01
   7.0193556162054264e+01
   6.3322677859420033e+01
   7.4019700469857099e+01
   6.0256964036653919e+01
   6.6945274620429444e+01
   6.3920386677495621e+01
   6.6947100933116900e+01
   5.9088495444430109e+01
   6.3482166361146241e+01
   6.6412797223500021e+01
   6.3775740918085731e+01
   6.0769029613481848e+01
   6.1442437241279926e+01
   5.8855924702692441e+01
   6.1897272004529057e+01
   5.7181838437559655e+01
   6.2595925807154501e+01
   5.9380118291291076e+01
   5.3011470007010274e+01
   4.8628575149471281e+01
   5.3944649650470474e+01
   5.3905678258604333e+01
   5.1774300647476238e+01
   5.0153209616546576e+01
   4.8607988311080987e+01
   5.3130915371725671e+01
   5.3295378211731126e+01
   5.4181517467902829e+01
   5.5804241210239553e+01
   5.2375589359432233e+01
   4.8007581980575438e+01
   3.6447897415295827e+01
   2.4450067247894310e+01
   1.4487575635408142e+01
   5.0556144984411162e+00
   1.0000000000000000e+00
   1.0000000000000000e+00
   1.0000000000000000e+00
   1.0000000000000000e+00
   2.5577846045204886e+00
   1.0000000000000000e+00
   7.0449531021885701e+00
   1.5283144963605007e+01
   1.7064195340203259e+01
   2.6286311155657145e+01
   3.1472538574838154e+01
   3.2306175148691779e+01
   1.9906239909766704e+01
   3.7559574325993552e+01
   6.0402541075608802e+01
   4.1773043571961935e+01
   8.1562251169537404e+01
   6.8297061806681455e+01
   8.1894691413344844e+01
   8.8282897528904584e+01
   9.6966987770072350e+01
   1.3445469304899794e+02
   9.4490630040485186e+01
   1.0001078872716904e+02
   9.4527804780056101e+01
   9.4305481962238616e+01
   9.5331328351559819e+01
   1.0360956988253804e+02
   1.0358347142145512e+02
   1.0459555706475834e+02
   1.0393495700216369e+02
   1.0146458956589898e+02
   1.0073539254080525e+02
   9.4187497292707519e+01
   9.1377552797905722e+01
   4.4469135815673553e+01
   5.7314087014233344e+01
   5.6019491670902973e+01
   4.1612163391377528e+01
   5.9383499974463845e+01
   4.2834219061584037e+01
   3.8489321060518115e+01
   3.4424625182189814e+01
   3.4924165623503669e+01
   3.0978853166854673e+01
   4.1535429629219571e+01
   4.0117585007739279e+01
   6.6769137024911359e+01
   5.5859032231134080e+01
   5.7816805935015410e+01
   6.3952675035464559e+01
   6.1928579520117026e+01
   6.0093101560530293e+01
   6.3097796747253852e+01
   6.2004604199907597e+01
   6.0019226005397563e+01
   6.0321459991746906e+01
   6.4734030530641533e+01
   4.5718035810129109e+01
   6.4028363305111270e+01
   4.6284249777522454e+01
   5.1527850903573189e+01
   6.1358403434910457e+01
   5.3055691690033846e+01
   4.2119540352666014e+01
   5.5500270920140728e+01
   5.7119815702574698e+01
   6.0658845122369009e+01
   4.1639353535588832e+01
   6.3713014608830640e+01
   4.8316589020257553e+01
   6.2399931925992320e+01
   6.1635358482639141e+01
   5.8835721146913414e+01
   5.7330569803474724e+01
   5.6317829108603853e+01
   5.8796190273397563e+01
   4.8875648833387565e+01
   5.8542316816539952e+01
   6.1391603654540653e+01
   6.2685375296606637e+01
   6.6584105286637552e+01
   6.6435173947471498e+01
   6.7078334974909367e+01
   6.4672807473762845e+01
   6.4094644734505209e+01
   6.2424814871174092e+01
   6.5399617805431902e+01
   6.2432016094663730e+01
   6.4991194132748063e+01
   5.9561963587019406e+01
   6.5240927319508614e+01
   5.6724754330441058e+01
   6.0584399742022320e+01
   5.2879923086603142e+01
   5.9785975734761884e+01
   5.4246845064253627e+01
   6.4333927770407556e+01
   4.7838717786539114e+01
   5.6507673083420066e+01
   5.7805854795137279e+01
   5.7637886075939839e+01
   5.9477927529741393e+01
   5.7440175137838040e+01
   5.6369459666104063e+01
   4.8894885138873036e+01
   4.7251121247438505e+01
   6.1676692962672398e+01
   4.5555798142424507e+01
   6.1218601409767430e+01
   5.0982840277296489e+01
   5.6623513330183343e+01
   4.2979027772379183e+01
   5.8262036576136467e+01
   5.3495041468304620e+01
   5.7931408897083742e+01
   5.3915246477181064e+01
   6.1575817268552896e+01
   4.3696114503209472e+01
   6.5596172264928683e+01
   4.9581417210090351e+01
   5.8163462658696155e+01
   4.9340070585845581e+01
   5.6576278661598458e+01
   6.0341638882832505e+01
   5.8203365187961374e+01
   6.0878776999602010e+01
   6.0331112519100131e+01
   6.0971550740553177e+01
   6.2089856453304776e+01
   6.7253892003840647e+01
   6.1344798643267474e+01
   6.2715739588250855e+01
   6.0273601318807017e+01
   6.2173719069733608e+01
   6.4055469723641835e+01
   6.8541064829124380e+01
   6.1349557137207718e+01
   6.7268165704353351e+01
   6.7401559919126953e+01
   6.6286349367418609e+01
   6.8787858688914099e+01
   6.7051272873821887e+01
   6.4270319717703600e+01
   6.3167235865682201e+01
   6.2047702161284327e+01
   6.4369764998206563e+01
   6.3689943461971922e+01
   5.9828543765941852e+01
   6.6334067462921240e+01
   6.7631530255173985e+01
   6.5667119695087251e+01
   6.7763669709266011e+01
   6.8114496862121058e+01
   6.5950294527313488e+01
   6.9392965530525501e+01
   6.6972682881350210e+01
   6.9032001384759766e+01
   6.5631414740690687e+01
   6.7810007728094163e+01
   7.0692660632464339e+01
   7.0680401049168097e+01
   7.0602145704816692e+01
   7.0785532659477781e+01
   6.9502244610103503e+01
   7.2410964794955959e+01
   6.8766701549534673e+01
   6.9164226518318699e+01
   6.6194055417448226e+01
   6.5536172460553857e+01
   6.3029160170013782e+01
   6.4170222941667717e+01
   5.9891993703164516e+01
   6.4662174597675460e+01
   6.8190994173722174e+01
   6.5281028546711781e+01
   6.3736689948316034e+01
   6.2766196989298699e+01
   5.0792476133855871e+01
   6.3134555155443245e+01
   5.3455343570220897e+01
   6.3858878073681517e+01
   5.2673126562838632e+01
   5.8624040699159686e+01
   5.9988371399643924e+01
   6.1579275943009534e+01
   5.3470589239409840e+01
   6.1381010725156628e+01
   5.3171807113199087e+01
   5.6274300667787209e+01
   5.7366436511371582e+01
   5.8626474459929199e+01
   5.9688698678486389e+01
   5.8730795087794618e+01
   5.8058190242150360e+01
   5.8798157807809169e+01
   5.4957371659284242e+01
   5.7808453947740269e+01
   5.5731100682682566e+01
   6.0043081011941915e+01
   5.3650326893103689e+01
   5.9999047580801673e+01
   5.7865405147657668e+01
   5.0485020249088272e+01
   6.0658048630524107e+01
   5.7805302861521234e+01
   5.8924517498747043e+01
   6.1242705177008339e+01
   5.1281104826151669e+01
   6.2279321430439303e+01
   5.3938422558517381e+01
   5.8108141693232263e+01
   5.8280740234468723e+01
   5.9356387210224234e+01
   5.9503925672949265e+01
   5.3845338409585395e+01
   6.0795805114829655e+01
   5.7191980923801324e+01
   5.8329937365124380e+01
   5.7249400763106941e+01
   6.0927258822977684e+01
   5.4949103992083515e+01
   5.9981270184099863e+01
   5.2254033363300181e+01
   5.9565837047412003e+01
   5.5060111847757838e+01
   5.6660327664684850e+01
   5.8166596909775386e+01
   5.0855097338019355e+01
   5.1115765688722689e+01
   5.0163889397242542e+01
   5.2204632541072222e+01
   5.6383283562881907e+01
   5.7499945914659740e+01
   5.7622930890610178e+01
   5.4800479548819936e+01
   4.4341626541459036e+01
   3.1446674605812163e+01
   1.7346807390527530e+01
   4.8741475752635282e+00
   1.0000000000000000e+00
   1.0000000000000000e+00
   1.0000000000000000e+00
   1.0000000000000000e+00
   1.0000000000000000e+00
   1.0000000000000000e+00
   1.0000000000000000e+00
   1.1649191637840776e+01
   1.6606197805808442e+01
   2.4926540107249469e+01
   2.9504464562989433e+01
   3.6781269550487821e+01
   4.8885343620806772e+01
   6.0365382459030627e+01
   7.2294107112508897e+01
   8.2785019119764016e+01
   8.9457802688749339e+01
   9.5129221257184099e+01
   1.3538990282156550e+02
   9.0435160851662218e+01
   9.8530846328954084e+01
   1.0351936754661237e+02
   1.0249942387726936e+02
   1.0522017999102259e+02
   1.0968055779525233e+02
   1.0720678671206873e+02
   1.0713385117966683e+02
   1.0034283192843688e+02
   9.4767187595945629e+01
   7.0198576655955293e+01
   7.8740030485873987e+01
   4.5632759556436653e+01
   2.8017869075464287e+01
   4.0079199421694547e+01
   3.9332597729523833e+01
   4.1863192880069825e+01
   3.0022124271880148e+01
   3.8802553876911091e+01
   5.0434089441385048e+01
   4.3669465905249247e+01
   7.0942834790961939e+01
   6.1458181802639402e+01
   6.3517168910074474e+01
   6.0254949037525549e+01
   6.4849546581933311e+01
   6.4890254762695946e+01
   5.9627766353808489e+01
   6.1947056879344913e+01
   4.5414097297534049e+01
   6.6594213573143435e+01
   4.1809536921643769e+01
   4.8305385272918642e+01
   6.3560572418782009e+01
   4.8080675520609454e+01
   5.9647595088922571e+01
   5.0367719812173348e+01
   6.4146706317279779e+01
   5.0607883406394798e+01
   6.3513024323566924e+01
   6.4540717861270991e+01
   5.8092102855332818e+01
   6.8295946157874084e+01
   6.1514981078214085e+01
   4.7424947644614662e+01
   6.3454195235505757e+01
   6.1953537381469083e+01
   6.3774575042570071e+01
   4.2251535425807873e+01
   6.3242227715384885e+01
   6.2394071354829094e+01
   4.4205217430122779e+01
   5.7846077121300304e+01
   4.6295084576565202e+01
   6.6540423637029249e+01
   4.5173960996464466e+01
   6.0205714625669707e+01
   6.2793725144483204e+01
   5.5998951089361832e+01
   4.7304843100451905e+01
   6.7559220004797297e+01
   4.1261974267489400e+01
   6.6376016797294000e+01
   5.8749751251220353e+01
   4.8965531575348514e+01
   6.3664785260725239e+01
   5.5945741163224582e+01
   6.3303161621439088e+01
   6.1434372798073319e+01
   6.5618297146367610e+01
   6.7342965597780847e+01
   6.9978143496764389e+01
   7.1392458536357651e+01
   6.1244023121366638e+01
   6.5555054635941062e+01
   6.0960142550302486e+01
   5.5774764039579907e+01
   6.1413672773148235e+01
   5.7060603535357558e+01
   5.8141533043207581e+01
   4.8970445209657569e+01
   5.1151778715515142e+01
   5.7602838196388383e+01
   5.9840694837246531e+01
   6.2046083679554762e+01
   5.4275696682148151e+01
   5.9803505176882553e+01
   4.2994172816129968e+01
   5.1627164107744200e+01
   4.8724453317068132e+01
   5.8254223693367450e+01
   5.9385487251382905e+01
   4.4122395777153592e+01
   6.2046829872407670e+01
   6.0781985808913433e+01
   4.8605010515977902e+01
   6.0565254115108232e+01
   5.6983722120178427e+01
   6.1889244989547208e+01
   5.1943733663893660e+01
   4.9482738889450111e+01
   5.7703799875787134e+01
   5.8793449635951781e+01
   6.1711839833542548e+01
   6.3951406182440451e+01
   6.5407986921229096e+01
   6.5968290365542970e+01
   6.7819339900098839e+01
   6.6723438036550277e+01
   6.5163315943869478e+01
   7.0063705979975978e+01
   5.8738613223761021e+01
   6.1412310951770934e+01
   6.8148884994846938e+01
   6.5721459981516531e+01
   6.7515369397959645e+01
   6.8049041014517343e+01
   6.0756640347335683e+01
   6.9497073695394207e+01
   6.5961984009448770e+01
   6.7610604262997086e+01
   5.9942436443960744e+01
   6.8945515005753322e+01
   6.2600972039704409e+01
   6.2902480712855102e+01
   6.0386739491019924e+01
   6.0430730408928753e+01
   6.4376540593880961e+01
   5.7744259596453148e+01
   6.2625478987829958e+01
   6.0889133155471718e+01
   6.5208477492001734e+01
   5.0325598009826180e+01
   6.4384095686370912e+01
   6.1417548176011607e+01
   6.3499094593905312e+01
   4.7564338761835309e+01
   6.2281128082583635e+01
   5.3881955535571173e+01
   5.7095412894860914e+01
   4.6849378594737388e+01
   7.0335945721326226e+01
   4.0411815317305447e+01
   6.7695315499062588e+01
   4.9678369775087340e+01
   6.3430489271482209e+01
   6.4506900860211047e+01
   6.0689846601269117e+01
   6.8411115945911135e+01
   5.3600638961465400e+01
   6.3798162342908896e+01
   6.5988348307387795e+01
   6.8414232266456565e+01
   6.7448404298638081e+01
   6.4152323335660327e+01
   6.9523559367533565e+01
   6.4550684231107439e+01
   7.1136032454921434e+01
   6.4293648677073662e+01
   7.0321817521462521e+01
   6.6680589238201051e+01
   6.8523906932402696e+01
   6.7397084375764067e+01
   5.5214999746010214e+01
   7.0267126040508117e+01
   7.0901044293655133e+01
   6.8930044009080646e+01
   6.2211448092080410e+01
   6.7434248907288918e+01
   6.7850045484191043e+01
   6.6940095621176653e+01
   6.3591535296870724e+01
   6.5340435802826335e+01
   6.5399492881339853e+01
   6.3846681243408923e+01
   5.4530052424416716e+01
   6.4399886720929644e+01
   5.0787488995686168e+01
   6.3125999920823936e+01
   6.0755708517357192e+01
   5.9087475470106256e+01
   5.8590267436833443e+01
   5.9920549710239264e+01
   5.7477296719483718e+01
   5.6360388618000485e+01
   5.9687078534578617e+01
   5.3359155149825135e+01
   5.1924509124979409e+01
   6.1094244316120481e+01
   4.9455570031843834e+01
   5.1921759751975273e+01
   6.1854060235967800e+01
   5.3935488623459321e+01
   4.9577702743263956e+01
   6.3411045778554076e+01
   4.8161398440285666e+01
   5.9591701001081887e+01
   5.5238429355419420e+01
   5.5140496569920693e+01
   6.1483358152281752e+01
   6.1788637290519816e+01
   6.1734546615420484e+01
   6.1149095963138379e+01
   5.1426323181291167e+01
   3.2673799935708828e+01
   1.3974272271678828e+01
   1.0000000000000000e+00
   1.0000000000000000e+00
   1.0000000000000000e+00
   1.0000000000000000e+00
   1.0000000000000000e+00
   1.0000000000000000e+00
   1.0000000000000000e+00
   2.2405933737250123e+00
   5.4224621394994443e+00
   1.2083719717569567e+01
   2.1949124388828437e+01
   3.9679938305202882e+01
   6.7890121161702524e+01
   6.9235771808622559e+01
   7.8219901925695623e+01
   7.0037551550712806e+01
   6.7681503687661504e+01
   7.3620243368778034e+01
   7.5507627000945959e+01
   7.9579491100161235e+01
   8.8926588943370632e+01
   1.3524888484380165e+02
   9.8132583130150891e+01
   9.8560135214417983e+01
   9.9818955625755322e+01
   9.7042103302415981e+01
   1.0267323628281179e+02
   1.0703665824792904e+02
   1.0167072022390268e+02
   9.6787540691776300e+01
   9.4040320017022296e+01
   9.2920731532310398e+01
   9.3700714662885986e+01
   9.2468938648219876e+01
   8.7056130415412085e+01
   6.1849094299886758e+01
   4.2862782951769510e+01
   3.5985159287264821e+01
   3.9375267384419779e+01
   4.5520728142851937e+01
   6.3637029654481765e+01
   6.2337010191566065e+01
   6.3364327273048751e+01
   4.4831708149485749e+01
   3.8461652415521584e+01
   4.3318870224841454e+01
   3.7555843581549802e+01
   3.7913812433922566e+01
   4.1751320994993868e+01
   6.3101247349229574e+01
   4.4790858350321422e+01
   4.5546338994359289e+01
   5.7807128515394773e+01
   5.7065438618888024e+01
   5.9861854496311011e+01
   5.4899780263629971e+01
   5.1404579016137852e+01
   6.0590929769332234e+01
   4.3134030317533345e+01
   5.9567249269441419e+01
   5.2088840569858981e+01
   5.3931788868195973e+01
   4.5382244336104513e+01
   5.6627625168850294e+01
   5.4020894006429721e+01
   3.9929691473838353e+01
   5.7210088744312237e+01
   5.3488096900231909e+01
   4.4832280908818234e+01
   6.2734168219870909e+01
   4.5973875201097862e+01
   6.0512449870014663e+01
   4.2913725512992215e+01
   6.5264757382149384e+01
   4.1431493153891786e+01
   6.4182079751188581e+01
   4.1621394926242836e+01
   6.2635351713494508e+01
   4.3871652555993862e+01
   6.0626577416182975e+01
   4.5944768946553715e+01
   6.7492668309928007e+01
   4.0706732664010822e+01
   5.4761375304102437e+01
   6.2229329251675900e+01
   5.5687999119831346e+01
   4.3812832134675091e+01
   6.1104163307203919e+01
   5.6091812703269753e+01
   6.1530554029040871e+01
   4.7939750715137293e+01
   6.6138713886079131e+01
   5.8217067362457094e+01
   5.6416819807156408e+01
   6.7055693594376365e+01
   6.4203798324403508e+01
   5.5831444758769081e+01
   6.2234597503029768e+01
   5.8860021452996129e+01
   6.3791044032298771e+01
   6.2219978076325923e+01
   5.5560211285152079e+01
   6.6108692968561698e+01
   5.7765833869200790e+01
   5.6702364740667093e+01
   5.5827514819725359e+01
   6.2263348254105566e+01
   5.5461056764098878e+01
   6.7027080316968750e+01
   6.7126970167422243e+01
   6.2545135511310292e+01
   6.8825735722330180e+01
   4.2781263142251390e+01
   6.2288484492062068e+01
   6.6628209316946709e+01
   6.3102790131065788e+01
   6.8562179707287925e+01
   6.9468312915405974e+01
   6.3387239497636656e+01
   6.3929344609541793e+01
   6.3635055494407659e+01
   6.5110467593441754e+01
   5.8498861820730241e+01
   6.3120972086034563e+01
   5.0570787480239233e+01
   6.5040316775711290e+01
   5.0384678669504652e+01
   5.0976178490800244e+01
   5.9603513631718705e+01
   5.7750443403919270e+01
   4.9369035991191716e+01
   5.6272402250673288e+01
   4.0579953042716134e+01
   4.5559217238664026e+01
   6.6291015135677327e+01
   5.0888849761558824e+01
   5.4405539680956537e+01
   6.3804919890485259e+01
   5.7222762765435419e+01
   6.0273808143571657e+01
   4.5851735201375071e+01
   6.0396940420332044e+01
   5.9080795582001315e+01
   6.2037758964372493e+01
   5.2717689224700848e+01
   6.0260039684358503e+01
   6.1023898771809549e+01
   6.5656112506980762e+01
   7.0557977235541557e+01
   6.8565441071046394e+01
   6.8413379611154824e+01
   7.0698032157283166e+01
   7.1937324070460079e+01
   6.8928211376566409e+01
   6.5031191333531055e+01
   6.8046188070597651e+01
   6.8421087456488877e+01
   5.7077846951229027e+01
   7.0606938511212988e+01
   7.1114206155725171e+01
   7.5392997737225230e+01
   7.4277099653155176e+01
   7.1977204442638183e+01
   7.3464490413035492e+01
   7.3922685329503835e+01
   7.0532451887790302e+01
   7.4537771669593894e+01
   6.5929756838022982e+01
   7.2135729403394620e+01
   7.6929658260326661e+01
   6.2428873691854648e+01
   7.1804056272034742e+01
   6.9942672023024272e+01
   6.2350438910329032e+01
   6.6324463582917048e+01
   3.7381019661750081e+01
   6.6258862963558897e+01
   6.6495182265000054e+01
   5.8046748502026595e+01
   6.1589530176502635e+01
   6.4110112242268144e+01
   5.3057550715761963e+01
   4.2509593702016787e+01
   7.0669443187250394e+01
   4.2948444934499392e+01
   6.9937037016745677e+01
   5.9689846164399086e+01
   6.6231997787129387e+01
   6.6476066855390485e+01
   6.5982673744459760e+01
   6.7122254294254276e+01
   6.2450689070540058e+01
   4.5091408777285139e+01
   6.9731803488978130e+01
   5.0140269340028148e+01
   6.5459302590065391e+01
   4.7674188332833047e+01
   6.2731183662414338e+01
   6.4156948707353664e+01
   5.8758318501782490e+01
   5.8322854620030178e+01
   5.9926671981759988e+01
   5.2076170940423097e+01
   6.0058104103492354e+01
   5.9632343115362545e+01
   6.0673145875342279e+01
   5.1624879743688211e+01
   5.9846865185665685e+01
   5.8874155146448523e+01
   5.7628422462968715e+01
   5.8086054324166611e+01
   6.2113755247857554e+01
   5.2245253512895829e+01
   6.0366317840227573e+01
   5.3858645734015880e+01
   5.3882278996065615e+01
   6.1504166995107532e+01
   5.9696141613362109e+01
   5.8125807047821418e+01
   5.7589963738569395e+01
   6.0173170959397872e+01
   5.7403036366753312e+01
   6.1410896191972547e+01
   5.6856966463275150e+01
   6.0339789894763712e+01
   5.9792368332827934e+01
   5.6796998590505503e+01
   5.5969106636449808e+01
   6.0156217856947478e+01
   5.8321407289064034e+01
   5.9332936739800296e+01
   5.4912922626108141e+01
   5.6126472775772370e+01
   5.7960023175363752e+01
   5.7381151709586334e+01
   5.2679897961546573e+01
   6.0070256363797036e+01
   5.8977484560575391e+01
   5.3893688821366389e+01
   5.6621320485422288e+01
   5.3251881815097271e+01
   5.1396494324439331e+01
   5.9030547969827914e+01
   5.4869181788801846e+01
   5.1586106412486600e+01
   5.1314655147322355e+01
   5.7547018213350931e+01
   5.9051255991712992e+01
   6.0534093842580113e+01
   6.1299221136249443e+01
   5.8920480873076393e+01
   5.3774118888509051e+01
   4.2836038008067661e+01
   3.0252755204386951e+01
   1.8018228421223483e+01
   7.7269812332284999e+00
   1.8232942111707473e+00
   1.0000000000000000e+00
   1.0000000000000000e+00
   1.0000000000000000e+00
   1.0000000000000000e+00
   1.1089634631301237e+00
   7.9163130206148402e+00
   1.0000000000000000e+00
   1.8738128174824293e+00
   6.6634860760191383e+00
   1.4290138561106570e+01
   2.7070906425913304e+01
   3.3098218394715921e+01
   5.5123692853212177e+01
   6.4166901488645024e+01
   6.4734848885545247e+01
   5.5486079210331972e+01
   5.7993107878999325e+01
   7.9614385891258237e+01
   8.3571355949416954e+01
   9.5260915041802704e+01
   1.0333303336522242e+02
   1.3359733106355921e+02
   9.8498625037463896e+01
   9.8181470055714414e+01
   9.7805239473580286e+01
   9.8378881062885227e+01
   1.0282100243179679e+02
   1.0114986857498164e+02
   9.8966561152067001e+01
   1.0218802423936441e+02
   1.0582853877129108e+02
   1.0125494221292556e+02
   6.2719318855779257e+01
   6.7909657540600591e+01
   2.4639360385685929e+01
   4.4593826478616506e+01
   3.8050225186486252e+01
   7.1583750671316110e+01
   6.4099472250574522e+01
   6.1029147974751488e+01
   3.6892803516297292e+01
   3.7075612290632328e+01
   4.2947811406111462e+01
   4.0248718965694927e+01
   6.0304492012998296e+01
   5.9967186523235661e+01
   6.1985272059873466e+01
   6.8195520881363777e+01
   6.2714378739972695e+01
   6.1838313450570077e+01
   6.5464027070992813e+01
   6.0201862951265205e+01
   6.5685784339620710e+01
   5.8951157446945004e+01
   6.1017704733310815e+01
   5.6574691658953761e+01
   4.1335658369651249e+01
   6.0827777704674503e+01
   4.9433144871878611e+01
   5.9845429226361681e+01
   5.1171711690115828e+01
   6.1675445710742395e+01
   5.2509780459917671e+01
   6.7025240457407847e+01
   5.8297125221264615e+01
   5.8353028790134175e+01
   6.5171574838212976e+01
   6.0022937161551610e+01
   6.3516882410438441e+01
   6.3273506839192002e+01
   5.9837392508976251e+01
   6.2076758946340426e+01
   6.7943125576516621e+01
   5.6468240114793865e+01
   6.2066282717647148e+01
   6.4567102734904012e+01
   5.8286482531235528e+01
   6.4407912282487800e+01
   4.9574292276428416e+01
   6.6891295466503720e+01
   4.9874077047237122e+01
   6.0618382136096479e+01
   6.4221654508935060e+01
   5.4230498804733280e+01
   4.9600299768057511e+01
   5.7950310168133051e+01
   4.5083132673364489e+01
   5.7053588074335956e+01
   6.2312337937277015e+01
   6.0727440491363915e+01
   5.6902558442634017e+01
   5.7469722716396539e+01
   6.6130205031383909e+01
   6.4431434121235981e+01
   6.9528979747667620e+01
   6.4865917011972996e+01
   5.8392852029273698e+01
   6.6233820553190014e+01
   6.2145248035547660e+01
   5.9135786350171642e+01
   6.4879832607000210e+01
   5.1325211070820771e+01
   5.0748923459862382e+01
   5.8704603952711210e+01
   6.0539179698558556e+01
   4.7083860400163019e+01
   5.9305081265068232e+01
   6.1174043396866914e+01
   6.2343761446503905e+01
   5.8384774587968906e+01
   5.9378795444059001e+01
   5.9401112211171117e+01
   5.7670213395075827e+01
   5.7505239284199803e+01
   6.3314331761189628e+01
   5.1425134694839244e+01
   4.6058756390510268e+01
   4.6780586305659270e+01
   6.6402909798465487e+01
   6.0247569991696963e+01
   6.1095059201271688e+01
   5.8369388709478159e+01
   4.8982154758428322e+01
   6.2374060799192371e+01
   6.2373752528421285e+01
   5.4963932373211094e+01
   6.2889830506816985e+01
   5.0736811714865588e+01
   4.9520249628296959e+01
   5.2509568418655789e+01
   6.5571563668906805e+01
   6.1610071754830813e+01
   6.5431851368727791e+01
   6.6465410584956217e+01
   6.8489739074550329e+01
   7.0166626110092295e+01
   6.9478648504798883e+01
   6.9538375524860783e+01
   7.0182221375763035e+01
   7.0175721597693851e+01
   7.0385302374325121e+01
   6.8294520451390454e+01
   7.2379674417312330e+01
   6.9037960316261831e+01
   7.5103445944452289e+01
   7.4590544837430997e+01
   7.2485897217907763e+01
   7.1787006787484160e+01
   7.4058501450541300e+01
   7.3998082390233265e+01
   6.8849736323511721e+01
   7.2373765707389737e+01
   6.9876133120950897e+01
   7.1702046391370999e+01
   6.5940252889051493e+01
   6.8194495722101308e+01
   6.6248076625255877e+01
   5.8626894758962557e+01
   6.6988018157654366e+01
   6.7723386098854832e+01
   5.8505177695766015e+01
   6.1321888407562540e+01
   6.8010698589730936e+01
   5.4970806526492545e+01
   5.3601168494799992e+01
   6.4826514861717243e+01
   6.3359642922766504e+01
   5.0285489138903969e+01
   6.0129430696098645e+01
   6.3986940514623633e+01
   5.8309313755335324e+01
   6.2111139436308285e+01
   4.9666786352945174e+01
   6.2098239227161059e+01
   5.2341029821429991e+01
   6.4585139914160862e+01
   5.3083803296822296e+01
   5.2523972449869561e+01
   5.9159829764661183e+01
   5.9804022634998965e+01
   5.2616608358883056e+01
   6.1301186145129464e+01
   5.7229091099325643e+01
   5.5345584809444730e+01
   5.6720091798281878e+01
   5.7797183169250964e+01
   6.0228692911997321e+01
   6.0264048767456131e+01
   5.6599475354467110e+01
   5.9625474061549582e+01
   5.8986360236978619e+01
   6.1065493702831354e+01
   5.2874687902052891e+01
   6.0498012065130389e+01
   5.7212003752576564e+01
   5.4250047609065646e+01
   6.1709034869357538e+01
   5.9848702971877231e+01
   5.4300791596543377e+01
   6.2228176135965192e+01
   5.5214365615374604e+01
   6.1531940541884545e+01
   5.6241228319770606e+01
   5.2017920642824741e+01
   5.8398744206326228e+01
   5.1018344423044638e+01
   6.0809041997349397e+01
   5.6815656214360978e+01
   5.9896148798687115e+01
   5.4775940243001834e+01
   6.0055906098740039e+01
   6.0555583656848569e+01
   6.4307304963848694e+01
   6.1698157796667722e+01
   5.5442282205939229e+01
   5.7306914879882591e+01
   5.5066993300024741e+01
   5.0302446413500022e+01
   4.9767465966680462e+01
   5.2302698166080461e+01
   5.6545890461600706e+01
   5.5831095984831435e+01
   6.2158374263084411e+01
   6.1683349375881491e+01
   5.3725055872008667e+01
   4.4457398695844283e+01
   3.1364640514293196e+01
   1.7553256054342175e+01
   7.5108351997045624e+00
   1.4758221951917818e+00
   1.0000000000000000e+00
   1.0000000000000000e+00
   1.0000000000000000e+00
   4.4492249653104530e+00
   1.0000000000000000e+00
   1.0000000000000000e+00
   5.6894328244139203e+00
   1.0000000000000000e+00
   3.7130644868439386e+00
   3.7097954034239500e+00
   9.2154739775008192e+00
   1.3780086502645329e+01
   1.6465260046744145e+01
   2.7896108812923501e+01
   4.9576761323971368e+01
   6.6995609711070230e+01
   6.5610467145250581e+01
   7.1055851093706295e+01
   7.6433114761961122e+01
   8.1232858583816963e+01
   8.1455970040924072e+01
   8.7907176227988629e+01
   9.7488418713376376e+01
   1.3647220716390669e+02
   9.4923237775646584e+01
   9.5634094863777250e+01
   9.4173088986993164e+01
   9.5183470341143348e+01
   9.5940210906306177e+01
   1.0088170368538988e+02
   1.0245333912658421e+02
   1.0176171155374506e+02
   1.0155048954444635e+02
   1.0009474901819746e+02
   1.0289748914484586e+02
   9.3584173061455928e+01
   7.5659200764053566e+01
   4.2824806422573552e+01
   2.2915215617040200e+01
   3.9454448757939872e+01
   4.1763845931544111e+01
   4.0100007471537680e+01
   3.7976223152363026e+01
   4.1255386408173649e+01
   5.5180643612851775e+01
   5.9556080489516475e+01
   5.8123808885881594e+01
   6.1473080182197080e+01
   6.9920561499062728e+01
   6.4300424901496015e+01
   7.2116608818625537e+01
   6.5646027581667795e+01
   6.4407352069748470e+01
   6.8492825250560017e+01
   6.8945583509842251e+01
   5.7750856262017223e+01
   6.3807602120622001e+01
   6.6844144797869433e+01
   6.1814093515408707e+01
   5.3419377886397037e+01
   5.8327111511962812e+01
   5.9420594910895261e+01
   4.7559490284404781e+01
   5.8050473147696813e+01
   5.7907361070127855e+01
   4.6856338425401816e+01
   6.3412843002877509e+01
   5.7173256894539747e+01
   4.4830742195644035e+01
   5.8387366533519092e+01
   5.6092440949104763e+01
   6.0558198161944198e+01
   6.0310134665720767e+01
   6.2515783904080294e+01
   6.2663272888981822e+01
   5.4012731739930203e+01
   6.3067458384750061e+01
   4.6740990081091752e+01
   6.2711738346281493e+01
   6.1629334261677784e+01
   6.5896054854891432e+01
   6.5549383775021823e+01
   6.2880026880397182e+01
   6.3434695208773036e+01
   5.9421240620035057e+01
   6.4075567842331068e+01
   6.3973320400016931e+01
   5.0888943895813995e+01
   6.2826650211192259e+01
   5.0384412170081539e+01
   5.7693905112789992e+01
   4.6643127462814711e+01
   5.0875225851049478e+01
   4.5418367173449859e+01
   4.9933712529500433e+01
   5.6211170313334740e+01
   4.4430525225296620e+01
   6.2053900748741633e+01
   4.9565867956809441e+01
   4.6504311976065161e+01
   6.1741621471762777e+01
   4.6613707283341476e+01
   4.6885285502095599e+01
   6.2101627529738387e+01
   5.6883036445825688e+01
   4.9542673371760458e+01
   6.1526682744131797e+01
   5.6727743703831955e+01
   4.7714950142635438e+01
   5.8933333525854039e+01
   5.4398790005951369e+01
   5.6457978516154334e+01
   4.4081793310299695e+01
   4.5687254048958877e+01
   5.9898156476830280e+01
   5.8531188387083965e+01
   6.1767861246406277e+01
   6.1886319972004358e+01
   4.7861743044267122e+01
   6.9277944208520125e+01
   6.4349626747179514e+01
   5.9859799106586806e+01
   6.0356899046801686e+01
   5.9594067833603404e+01
   6.3314239315441881e+01
   6.0724713920825387e+01
   5.9647570497018791e+01
   6.2724124155128834e+01
   6.3589449686852234e+01
   6.2040506774179732e+01
   5.0464053726925577e+01
   6.2917093333052634e+01
   5.6511798693774892e+01
   6.1526227898890490e+01
   5.1369554378403613e+01
   6.1621249205441870e+01
   6.5450793764675439e+01
   6.7394875495989410e+01
   6.8667749598382457e+01
   6.9375997698151963e+01
   7.0744579095154890e+01
   7.1570113236436825e+01
   7.3252172875254885e+01
   7.1040900376179763e+01
   7.0829714576153492e+01
   6.8261634897922619e+01
   6.7219892639712654e+01
   6.6216214800368519e+01
   6.2619672597395621e+01
   6.6196597924837675e+01
   7.0420815253154103e+01
   6.9816395168433175e+01
   6.9765257271673391e+01
   7.3428036105501150e+01
   7.1639519586618690e+01
   7.3615974839020993e+01
   6.9379104248830942e+01
   7.0061317134833089e+01
   7.0690797168896182e+01
   5.1058022741086837e+01
   6.9384394462706780e+01
   6.4147300895427335e+01
   6.8356282542862218e+01
   5.3788844330029391e+01
   6.0298397820883352e+01
   6.2737750494899984e+01
   6.3410658030793897e+01
   6.9276838350070534e+01
   5.3246419083399765e+01
   6.0098736408879162e+01
   5.5612179117366253e+01
   6.0411798133960097e+01
   6.0365127303258028e+01
   5.8792017505418926e+01
   6.0189960201324851e+01
   5.5988841905904849e+01
   5.7932965173608736e+01
   4.8089987688780823e+01
   5.3621111386495564e+01
   4.8587050778705311e+01
   5.8457638358850808e+01
   5.4640381540311395e+01
   5.1112573789419834e+01
   6.0780523626279795e+01
   6.0754871005026864e+01
   6.2831202374743526e+01
   6.1996454484734755e+01
   6.1198411636455781e+01
   5.3368697281489702e+01
   5.8981802962926139e+01
   5.3297128082242416e+01
   5.2065626941564204e+01
   5.6281502902817344e+01
   6.2293977315245925e+01
   6.1975033755149759e+01
   5.8869018983027750e+01
   6.3711733625311695e+01
   5.7118258583837218e+01
   6.2981089490976132e+01
   6.0571864086579744e+01
   6.2505432884732251e+01
   5.2576990140256441e+01
   6.1331104194934959e+01
   6.3274695897142308e+01
   6.1170197291427463e+01
   6.1663683700058726e+01
   6.3690790117630094e+01
   5.9401075266559431e+01
   5.9419977027882737e+01
   6.1272461893730480e+01
   5.2708918500346151e+01
   5.7113294173070457e+01
   5.8646969910762650e+01
   5.3779318319421982e+01
   5.6596037929860259e+01
   5.5684118476159291e+01
   5.5591966371472935e+01
   5.5032950481361837e+01
   5.1541143301785013e+01
   4.1432408437744634e+01
   2.4131059234504953e+01
   8.8805406511521028e+00
   1.0000000000000000e+00
   1.0000000000000000e+00
   1.0000000000000000e+00
   1.0000000000000000e+00
   1.0000000000000000e+00
   1.0000000000000000e+00
   1.0000000000000000e+00
   1.0008545423364922e+01
   1.5097522103583303e+01
   2.5684315175599814e+01
   2.2611383440853182e+01
   3.1150214377289508e+01
   6.2646172503399164e+01
   5.8626975469800129e+01
   6.0061499760360498e+01
   6.4755602738235638e+01
   6.7101685197202059e+01
   8.5707610648651439e+01
   7.3763112914437087e+01
   8.7655267201950210e+01
   1.0079645186127711e+02
   1.3762080929164526e+02
   9.7168034301310300e+01
   1.0419245909540213e+02
   1.0230985306038640e+02
   1.0106302895592985e+02
   1.0640052372023089e+02
   1.1214406752480879e+02
   1.1426685991478858e+02
   1.1284519446961721e+02
   1.0820145919981526e+02
   9.5418844031592570e+01
   6.4897836137626811e+01
   3.1075068434191639e+01
   9.8218165904323680e+00
   2.8266082392804385e+01
   6.3022083558938412e+01
   5.9163027109000865e+01
   3.4327367940850380e+01
   3.0435114312583689e+01
   3.1141838125653905e+01
   3.1869693570116983e+01
   5.8286662537618568e+01
   6.5071305837588227e+01
   6.5884108273734114e+01
   6.5744038725826755e+01
   7.0681213098878459e+01
   6.7913290636325101e+01
   6.8693489367084993e+01
   6.8435580770281732e+01
   6.8961353217082817e+01
   6.5365008580905140e+01
   6.3474733829768368e+01
   6.2768583438332229e+01
   5.9952841999551197e+01
   6.0142848508113893e+01
   5.5526336389707346e+01
   6.1343067067207706e+01
   6.1714643584734638e+01
   6.1139809916629574e+01
   5.5979955361150424e+01
   5.3904978407926258e+01
   4.7766511759944080e+01
   5.9960300015624441e+01
   5.9670707505953231e+01
   5.6971800948767516e+01
   5.3939919545872186e+01
   5.0767094715062768e+01
   5.8761082128623791e+01
   4.9376986180422115e+01
   5.6666714320434025e+01
   4.1460306076265788e+01
   4.9536168249450100e+01
   4.4959918305478865e+01
   4.7092629130047548e+01
   5.6016750033088726e+01
   4.9429033723243165e+01
   4.6557381693326860e+01
   4.5795825892158938e+01
   6.1388609491942184e+01
   5.5643822689328978e+01
   6.4011387364436644e+01
   6.6057975400898727e+01
   5.9633435122527153e+01
   6.2219096875584974e+01
   6.4566675610550391e+01
   6.3260479032414530e+01
   6.7438133114817319e+01
   6.1548333536853633e+01
   5.9479435500382998e+01
   5.4694124254246603e+01
   5.4207175000159744e+01
   4.6047182879177647e+01
   5.6613748809247390e+01
   5.6712283996554007e+01
   4.5062484891113080e+01
   4.9742900100836664e+01
   4.4093313461679628e+01
   6.0097213709810681e+01
   4.7009761960276478e+01
   5.6090412116251436e+01
   5.6365096791973379e+01
   5.7266115511218722e+01
   5.6221521570582610e+01
   4.9649405462566584e+01
   5.3323385487862673e+01
   4.6388615183802031e+01
   4.6776204157158489e+01
   5.5022371431627526e+01
   5.3758433885854075e+01
   5.4361299496953023e+01
   4.4303211886896420e+01
   5.9570504374481153e+01
   4.4041343531925733e+01
   6.2442841401173375e+01
   4.4384586387347788e+01
   5.9451888230588310e+01
   4.0196718957650972e+01
   6.1873592603885527e+01
   5.9376345421577014e+01
   5.1262791457781731e+01
   6.4929961561288366e+01
   4.6533731286816320e+01
   6.2931073040196878e+01
   5.9387795566030803e+01
   5.4486626067235171e+01
   5.5427775784164510e+01
   5.6464513265561230e+01
   6.0133304256913021e+01
   6.0810450582737623e+01
   5.8510881652467702e+01
   6.1808208656816014e+01
   5.7454060707455220e+01
   4.5694800718637971e+01
   6.3082605653964059e+01
   4.3974895852203751e+01
   6.0702615997103365e+01
   4.5619992876352889e+01
   6.3777354975089857e+01
   5.7713226895873873e+01
   5.9206569064184286e+01
   6.6086101135926896e+01
   6.1256615795431237e+01
   6.3059019390956152e+01
   6.4969714220683144e+01
   6.6353730784954593e+01
   6.7609386721270425e+01
   6.4835915546951881e+01
   6.4008017683023567e+01
   6.4692907325605375e+01
   6.6843276549783013e+01
   6.4402843663654679e+01
   6.5073983641641036e+01
   6.3187104635607689e+01
   6.5447207315560945e+01
   6.3745115612021131e+01
   6.1918781944007115e+01
   6.1106662845727229e+01
   6.5761451506982198e+01
   6.1783319487412868e+01
   6.1047060267560084e+01
   6.2727214582554979e+01
   6.3840729240569381e+01
   6.0627477150492794e+01
   6.2330380692986644e+01
   6.1508217687870541e+01
   6.4708566917335048e+01
   5.1033880079656022e+01
   6.3263472176895014e+01
   6.3285265803005636e+01
   5.8928915032376558e+01
   6.0688500471453260e+01
   6.1258679195327652e+01
   6.3033309020629829e+01
   5.3165070261253497e+01
   5.8942666802026153e+01
   6.1615969611602914e+01
   5.8936893652227774e+01
   6.1695013966417704e+01
   6.1310530946953499e+01
   6.0094079876154758e+01
   5.9691597946059012e+01
   6.0683851764945999e+01
   6.3063656749856399e+01
   5.7577886181324679e+01
   6.4173811379528516e+01
   5.1534119574466551e+01
   6.3455090752576098e+01
   6.0140865138986364e+01
   6.5857597642450799e+01
   6.4393073855461637e+01
   6.3572382134061904e+01
   6.4451569589838286e+01
   6.4070330905416043e+01
   6.2794632865985896e+01
   5.0434411688161063e+01
   6.7795229696251340e+01
   6.3325532993709615e+01
   6.4412628066115943e+01
   6.3531856548477933e+01
   6.8384567118914248e+01
   6.5468111652018337e+01
   6.6240201773591366e+01
   6.5824392593714066e+01
   6.8281131607665785e+01
   6.4457336978281020e+01
   6.7343644162619555e+01
   6.4489844376589161e+01
   6.8724660467091411e+01
   6.7326193302085414e+01
   6.7541132703620221e+01
   6.2067194309853065e+01
   6.8342262561844038e+01
   6.8179853564511433e+01
   6.5386946496576769e+01
   6.9306137412560247e+01
   6.2380171592514543e+01
   6.0982696298808740e+01
   6.7667865619444285e+01
   6.5326966161220824e+01
   6.3618754796850112e+01
   6.3002760843926097e+01
   5.8224114656688151e+01
   5.1052964155664398e+01
   5.7040389488723314e+01
   6.1941307160512693e+01
   6.3633447197022605e+01
   6.6009226571798877e+01
   6.1339098916515283e+01
   4.8972091671349972e+01
   3.2405338888567869e+01
   1.1929379153886067e+01
   1.2598787694938167e+00
   1.0000000000000000e+00
   1.0000000000000000e+00
   1.0000000000000000e+00
   1.0000000000000000e+00
   1.0000000000000000e+00
   1.6006125683263974e+00
   1.3368125677886194e+01
   1.5693015369059843e+01
   2.0710161805025223e+01
   3.2254021323803777e+01
   6.6422011836965140e+01
   6.5674371497482340e+01
   6.8812906483204145e+01
   6.1680444463633556e+01
   6.4796947008245866e+01
   8.2281195344709801e+01
   8.8223453992015934e+01
   9.9320141194644066e+01
   1.4671995867692220e+02
   1.0584479494840112e+02
   1.1306979919238637e+02
   1.0819250620461099e+02
   1.0438277478660922e+02
   1.0788765649524970e+02
   1.0994221654393183e+02
   1.0223396989645049e+02
   9.7011500823723154e+01
   1.0544735938898033e+02
   8.6268452170497980e+01
   7.9529732775413763e+01
   1.4515621196005190e+01
   1.9856690943141160e+01
   3.6008417312033075e+01
   4.9237735401050493e+01
   4.0350053982961668e+01
   3.6676065330717186e+01
   3.9586192274380856e+01
   4.5795936904839955e+01
   5.9741949576674912e+01
   6.7238422663518961e+01
   6.4964041495275055e+01
   6.6877800511737902e+01
   6.5162530698694042e+01
   7.1164965807308462e+01
   7.2124356557341855e+01
   7.0174003839923856e+01
   6.1033569119235928e+01
   6.2470609029198606e+01
   6.5461807995017097e+01
   5.6764274101355916e+01
   6.2634227739955485e+01
   6.2475777373877499e+01
   5.8553193195921985e+01
   5.4515875384068643e+01
   5.6618339832666308e+01
   4.6620105937770923e+01
   5.0373048084367568e+01
   6.1115055209610041e+01
   4.2290402340158167e+01
   6.2799864036105916e+01
   4.2748539034527518e+01
   6.3362394039861364e+01
   5.7813967325748415e+01
   5.4372880944843700e+01
   6.3802255517171972e+01
   5.4051159895306043e+01
   5.3479930294729904e+01
   6.3617191632580536e+01
   4.5669160551568204e+01
   6.2342836570955086e+01
   6.1567947958370027e+01
   4.8255825936986945e+01
   6.3748703203003402e+01
   6.0039550512978622e+01
   6.3780035784415894e+01
   4.9926666482934436e+01
   6.1067679005718588e+01
   6.7163272452513894e+01
   6.2767724881944751e+01
   5.7974406699965229e+01
   5.7102737182827013e+01
   6.6591247872008680e+01
   6.2772311721185751e+01
   6.4208543866787537e+01
   5.9780950743451967e+01
   6.1926553114107080e+01
   5.7902058711698459e+01
   6.2294066137379787e+01
   6.1169360553691206e+01
   5.1966510117224693e+01
   4.9044436050418753e+01
   5.8421166518220979e+01
   4.7281332872886985e+01
   6.5440370261830566e+01
   4.1357810459973223e+01
   6.0281810649785761e+01
   6.2085145342975366e+01
   4.4105019987278958e+01
   5.9997614890441724e+01
   4.7691788330300732e+01
   5.9937005267065921e+01
   5.0568780724688473e+01
   6.0336274610999460e+01
   4.4816325783533230e+01
   6.1155669804245363e+01
   4.6061956802555201e+01
   5.7753757416923968e+01
   4.6176333873688229e+01
   6.1141506725898630e+01
   4.5440885303024658e+01
   6.2654935166261360e+01
   4.8431197276834766e+01
   4.5764731537866950e+01
   5.7135788313903973e+01
   6.0494980479409143e+01
   6.2941604087682869e+01
   5.0613058487705118e+01
   6.0297037430972594e+01
   6.1925713548110160e+01
   4.7238874698313722e+01
   6.3396158349281883e+01
   5.6618079434908957e+01
   5.7306177144774097e+01
   6.3533352207521098e+01
   4.7006893373253071e+01
   6.0629546763935743e+01
   5.0557748285096821e+01
   4.9318988787761320e+01
   5.1771363225633152e+01
   5.8356651055892556e+01
   4.5996840731148225e+01
   6.1866699546999911e+01
   6.3322748677841865e+01
   6.3129369217387918e+01
   6.3574908444842869e+01
   6.1988934897469441e+01
   6.6950123696711003e+01
   6.7504637371462721e+01
   6.8474785396146203e+01
   6.5872989437526215e+01
   6.8745606935259019e+01
   6.1223014401032145e+01
   7.0432905012443129e+01
   6.5954114566257417e+01
   6.1660543173718466e+01
   6.5602098681180877e+01
   5.6041248911392309e+01
   6.1729225501334383e+01
   5.8092259708550067e+01
   6.4963662234813114e+01
   6.2202416471943103e+01
   6.3722915395771913e+01
   6.9078133384451718e+01
   6.7598030278679133e+01
   6.1742841585270817e+01
   6.8618907243829725e+01
   6.2624380468742189e+01
   6.6629986921548792e+01
   6.6491435511598326e+01
   6.6829217212364910e+01
   6.5928142293126271e+01
   6.4575856591198701e+01
   6.5661027282082074e+01
   6.5410640610858920e+01
   6.5874232169748737e+01
   6.6133837143851906e+01
   6.3660064749236874e+01
   6.8851732301999462e+01
   6.6435793303411572e+01
   6.6410030151000626e+01
   6.0818177081297378e+01
   6.3709180792834843e+01
   5.6951792916271224e+01
   6.3315624665130564e+01
   5.9468125445075046e+01
   6.5262987507439348e+01
   6.1669028476811000e+01
   6.5342365994025272e+01
   6.3469334938845435e+01
   6.6674475909058515e+01
   6.8676363743556067e+01
   6.7623333694676091e+01
   6.7870423651562888e+01
   6.6689388075192298e+01
   6.3693574254488780e+01
   6.3356664688688049e+01
   6.3132129390870638e+01
   6.6506888171258765e+01
   6.0805110042127843e+01
   6.7169388448092278e+01
   6.1312112948878791e+01
   6.0790719260101952e+01
   6.0162875563953023e+01
   6.2648882446091044e+01
   6.4414737316872845e+01
   6.2608075734745853e+01
   5.4396553071662971e+01
   6.2793565204713147e+01
   6.3314966101158298e+01
   5.2799241960192461e+01
   6.2614608143841373e+01
   6.0672295315954322e+01
   6.3760273322612221e+01
   4.8309219532093479e+01
   6.0805481914605380e+01
   5.9961526636085267e+01
   5.3189424291341552e+01
   5.2247203912283460e+01
   5.3903585100649060e+01
   6.4044297237985177e+01
   5.2556712366540360e+01
   6.0564041450482037e+01
   5.6254122753750003e+01
   6.1724572272936911e+01
   5.1765990825188709e+01
   5.9567938822639206e+01
   5.7257100305747500e+01
   5.1237245811576116e+01
   6.1371298147397567e+01
   5.4166878047414947e+01
   5.8233975978397915e+01
   6.0271992064512304e+01
   5.2310306558946152e+01
   6.1446368232965192e+01
   5.9905795734927857e+01
   5.1822445771461098e+01
   5.9103986539985129e+01
   6.1266599700462336e+01
   5.8972245853849806e+01
   6.0224099850457250e+01
   5.9728280523442415e+01
   5.7393349830992889e+01
   6.3441169745588070e+01
   5.4495554654760539e+01
   6.1224125472734116e+01
   5.6847887038627299e+01
   5.7563768412463190e+01
   5.5514188172194885e+01
   5.8705324384473393e+01
   4.9811475338932738e+01
   5.7090351340849253e+01
   5.7802404296459706e+01
   6.5760833243553407e+01
   7.1012041163858669e+01
   6.8614525274295119e+01
   6.2174270879016618e+01
   4.5153753817390985e+01
   2.0363840162046245e+01
   3.6621738812326399e+00
   1.0000000000000000e+00
   1.0000000000000000e+00
   1.0000000000000000e+00
   1.0000000000000000e+00
   1.0000000000000000e+00
   1.0000000000000000e+00
   1.5135010839123240e+00
   9.1445729828275262e+00
   1.5108478258480826e+01
   2.1266687663745564e+01
   2.5512804803069209e+01
   3.9096046862468917e+01
   3.6294391339176940e+01
   4.9338649223690275e+01
   7.9260162833583266e+01
   6.3903130123622915e+01
   7.5049087852330544e+01
   9.6857888181864766e+01
   1.1139536210245716e+02
   1.1691357985171337e+02
   1.4482297075772846e+02
   1.1522089925710908e+02
   1.1709196531885227e+02
   1.1986956384574287e+02
   1.1458725173181990e+02
   1.1150327673727986e+02
   1.1462488877362725e+02
   1.0763857192502780e+02
   6.4788366766810469e+01
   1.9121531652014298e+01
   1.4286128445584099e+01
   5.0989493680560024e+01
   6.8806239789742335e+01
   6.3976284192834910e+01
   4.0591955423226416e+01
   4.0501890410701463e+01
   4.8650562558512242e+01
   4.1120322874100253e+01
   6.5045870590116436e+01
   6.6095431868496959e+01
   6.8892541136140650e+01
   6.8282316455594099e+01
   6.3655749841314432e+01
   6.0329953478688282e+01
   5.8711575667386647e+01
   5.9808435160410404e+01
   6.0688589330252377e+01
   5.0213756144845590e+01
   5.9294811628374269e+01
   4.2150921381193456e+01
   4.1436474865187591e+01
   4.0939159148300817e+01
   4.1373056329695459e+01
   4.0407995530148710e+01
   4.1342927566902290e+01
   3.9384173647651977e+01
   3.9024071768792737e+01
   4.0317482374604204e+01
   4.2637861844687755e+01
   3.5580371807552787e+01
   4.9820168231890882e+01
   4.4104584101562125e+01
   4.5482660533040146e+01
   4.5826638842812720e+01
   5.2893735810172309e+01
   4.7062049219863127e+01
   5.7381843009463012e+01
   4.4074685631312683e+01
   6.1524486598945849e+01
   4.2533316843927757e+01
   5.6375620655820974e+01
   4.7791009120163153e+01
   4.3642894229865441e+01
   4.7289478111488684e+01
   4.5137714818839761e+01
   4.4478834364938876e+01
   4.0394406482894944e+01
   3.9703742450895959e+01
   4.7927936301308307e+01
   4.0104686680736151e+01
   5.5804394037981858e+01
   3.9257742832557199e+01
   6.0944018905150152e+01
   4.1708043416043765e+01
   5.4680605010286115e+01
   4.6965054673316459e+01
   6.1698016363717173e+01
   4.4637410869010026e+01
   6.2776576689562141e+01
   4.9540299175890574e+01
   5.9394097765590061e+01
   5.9389156211221518e+01
   5.9706018866506270e+01
   5.5555778761639047e+01
   6.5036250263432194e+01
   6.0549158290596360e+01
   6.3295650828172718e+01
   6.1021559168897483e+01
   4.8764247796062442e+01
   6.6348551014638787e+01
   6.0916991466159971e+01
   5.8079428645069193e+01
   6.2503818828709690e+01
   6.5432570196875361e+01
   5.5713487595438032e+01
   6.5435177806132501e+01
   6.0784455449915278e+01
   6.2625888973239931e+01
   6.4927911247811338e+01
   6.6256011252516728e+01
   6.1715943253133283e+01
   6.2124908597194285e+01
   6.4252063004131102e+01
   6.5414147237218074e+01
   6.5207657498159037e+01
   5.5391381912720547e+01
   6.1332194102401758e+01
   6.5716283419732505e+01
   6.5560437419172089e+01
   5.6410978750731893e+01
   6.8819916236992199e+01
   6.5113675847289500e+01
   6.5580164225550462e+01
   6.2968133752309107e+01
   6.4505406771605180e+01
   6.4804639541375508e+01
   6.3068857790735215e+01
   6.9122651383529643e+01
   6.0554467559074304e+01
   6.3694436491383257e+01
   6.6754200275224619e+01
   6.7186783544433283e+01
   6.2187596121436663e+01
   6.4311001009884464e+01
   6.5837268116467939e+01
   6.7819637805256747e+01
   6.3552836170870343e+01
   6.6800756368800791e+01
   6.5222583052035574e+01
   6.6235396217634786e+01
   6.0244172484617209e+01
   6.4532857633284380e+01
   6.2103330802095002e+01
   6.2397695301981948e+01
   6.1466147609811742e+01
   6.4586987183488461e+01
   6.0649615524866505e+01
   6.2756128398461968e+01
   6.3261038790233471e+01
   6.2314760106904522e+01
   6.4149249297002854e+01
   6.5409434209206736e+01
   6.6517553726280156e+01
   6.4525906979717135e+01
   5.7635879921166932e+01
   6.2027014215702671e+01
   6.2768708531802268e+01
   6.0604293108567305e+01
   6.1644177252408987e+01
   6.3567126718110131e+01
   6.6946323647547928e+01
   6.3843134783333696e+01
   6.4454456257806200e+01
   6.6587619235530738e+01
   6.7655286870042858e+01
   6.9284095787851143e+01
   6.9682626074911809e+01
   6.9990068889999847e+01
   7.1707202447401713e+01
   6.6890109416051374e+01
   7.7813250663100263e+01
   7.4559355032031192e+01
   8.7757399595162155e+01
   8.6397587133894987e+01
   9.1684047823557620e+01
   9.2828384906071307e+01
   8.1885526841947623e+01
   7.5819106454718622e+01
   5.8892816310070529e+01
   7.1139959993451370e+01
   6.9414060473581216e+01
   7.4753524296394744e+01
   5.6041173762061277e+01
   6.5522078394217601e+01
   6.5406104796672281e+01
   6.1477412809183235e+01
   5.9857935183633991e+01
   6.3256645382589262e+01
   6.0867230825824166e+01
   5.9809602034871752e+01
   6.2629823840346958e+01
   5.5397354768304027e+01
   6.0068766218216766e+01
   5.8762741112131842e+01
   5.4041858343479490e+01
   5.8523646275011473e+01
   5.0681246039684893e+01
   5.8429907704398275e+01
   5.1938088466053919e+01
   5.3394211227237456e+01
   6.1962180340788343e+01
   5.4440624693204072e+01
   6.2267173513968793e+01
   6.3055873094288152e+01
   5.1147467400621188e+01
   6.1390588671166363e+01
   5.3528737659206840e+01
   5.4510036779511694e+01
   5.6695341587549919e+01
   4.0721677588402734e+01
   7.0940125599253832e+01
   5.8112218038747940e+01
   3.9319711438272755e+01
   7.1738007564309441e+01
   5.1541637673491479e+01
   4.1248649296883514e+01
   7.1391312633656995e+01
   5.3247881563622947e+01
   4.0310199402816963e+01
   7.0060721370043424e+01
   6.4342222740577540e+01
   4.6517514107903217e+01
   7.3710605393942075e+01
   6.7019747264705046e+01
   5.4253318303949392e+01
   5.1312619885115744e+01
   5.9500645218597455e+01
   5.5358088755199994e+01
   5.5598507596830331e+01
   6.2692501033916031e+01
   5.6713205685449346e+01
   5.4640587570069336e+01
   5.3457627355294811e+01
   5.7530557673282665e+01
   5.3792570111458772e+01
   5.2868064483509464e+01
   6.1319484701998370e+01
   5.8183889257990202e+01
   5.7637467439111198e+01
   5.4532803277884142e+01
   5.8235713827443291e+01
   6.3513710223439375e+01
   5.8343593901870804e+01
   5.5012874687083517e+01
   5.3891863414014892e+01
   5.3148478747300061e+01
   5.3772735967178114e+01
   5.4402657657783180e+01
   5.4901188300059893e+01
   5.1464445502427282e+01
   6.4394918056797934e+01
   5.5721053251137455e+01
   5.8541961006444595e+01
   5.8259825037278489e+01
   5.7360495512627409e+01
   5.1289758497858912e+01
   4.4678269141612930e+01
   3.6697460701739125e+01
   2.2540319392576471e+01
   7.1974121152553252e+00
   1.0000000000000000e+00
   1.0000000000000000e+00
   1.0000000000000000e+00
   1.0000000000000000e+00
   1.0000000000000000e+00
   1.0000000000000000e+00
   1.0000000000000000e+00
   3.5350243508603523e+00
   8.1296349003526114e+00
   1.5510235108113509e+01
   2.6815577439732877e+01
   3.9489455400108533e+01
   6.0492860234456650e+01
   7.1156455170577658e+01
   7.7556644304121562e+01
   8.5131223212605079e+01
   9.8758751944904020e+01
   1.4376531729447424e+02
   1.0475628479204680e+02
   1.1106172940272009e+02
   1.1331338916109620e+02
   1.1146705119655515e+02
   1.1425504569555946e+02
   1.1246421846936732e+02
   1.0595315697129263e+02
   9.9280424527167241e+01
   8.2304352572186119e+01
   7.7330767822644418e+01
   3.9340970067193702e+01
   1.9592788522604483e+01
   3.6432764289448542e+01
   5.4615870918844536e+01
   4.6578185875390119e+01
   4.3462238699846210e+01
   3.7961503820286403e+01
   3.8360513021345078e+01
   5.7876215211521654e+01
   4.9840771027306268e+01
   6.4401776071452673e+01
   6.0228947207084758e+01
   6.4753954829992367e+01
   6.2172099761324461e+01
   5.6328937453686628e+01
   6.3665404109736379e+01
   3.7249435345467873e+01
   6.7044792050747773e+01
   4.1567665916353263e+01
   6.0067427182807037e+01
   5.4562673301248154e+01
   5.7456270583717483e+01
   3.7659697353465148e+01
   6.2214200964194184e+01
   4.1789205239301594e+01
   4.4660048056126882e+01
   5.6883144256908182e+01
   4.1476081796456448e+01
   6.3420117619798596e+01
   4.1812139063767070e+01
   5.6280121988116349e+01
   5.4190505621725798e+01
   5.5014712533047543e+01
   5.9798968871922753e+01
   4.3906873243615401e+01
   6.3283405567522877e+01
   4.2733054929084524e+01
   5.8584333505536186e+01
   6.3199224853440668e+01
   4.3586353211764624e+01
   6.0079100182356662e+01
   5.8596112830080862e+01
   5.3648825242622841e+01
   5.9854669230769566e+01
   5.3362778135710386e+01
   5.9540686885845837e+01
   5.8342188616715042e+01
   5.7500461543207216e+01
   6.5726124323534336e+01
   5.3986007856550927e+01
   6.0792976101412982e+01
   6.8024002107581168e+01
   4.7810104359684196e+01
   6.3819611426705322e+01
   5.7043285649214518e+01
   5.9971057128705723e+01
   6.3334997584848274e+01
   6.5329025757874504e+01
   5.8660358323481134e+01
   6.1558817308153920e+01
   5.4468134268709832e+01
   6.1408401870931208e+01
   6.3500223649959544e+01
   6.0673217279305725e+01
   6.2320559920820827e+01
   6.4350665402661434e+01
   4.8545578934347098e+01
   6.1421483933035063e+01
   5.9302351998828321e+01
   6.3491302242225771e+01
   6.2898097448103577e+01
   6.4874196690630058e+01
   6.4449218022674856e+01
   6.5164006617208798e+01
   6.5993758402896404e+01
   6.4270929014683688e+01
   6.5725427326628918e+01
   6.0264120114831137e+01
   6.4104851952145054e+01
   6.1399315628252005e+01
   6.7404283605265050e+01
   6.2597527961030224e+01
   6.2414572702032487e+01
   6.4313043212331721e+01
   6.2908176442493847e+01
   6.3180348041702104e+01
   6.2626020183157678e+01
   5.5321376041072043e+01
   6.1750149611957781e+01
   6.2533920838683649e+01
   5.4437900893910303e+01
   6.2871327508610207e+01
   5.9278078080998398e+01
   4.8212812233304476e+01
   6.3289251151962830e+01
   6.3900326321520254e+01
   6.4968662549154359e+01
   6.3491579307966582e+01
   5.5619156910600033e+01
   5.4865611761531142e+01
   4.8895267684739871e+01
   6.0228001697036760e+01
   6.4648262236436352e+01
   6.3391815461173358e+01
   6.4503792605262660e+01
