   9.5810809914069324e+01
   9.5706096714048684e+01
   9.5078399115831076e+01
   9.4737831467262779e+01
   9.4138417427010637e+01
   9.3723661526484761e+01
   9.3340711954509004e+01
   9.3386566763007465e+01
   9.3317849743085176e+01
   9.3229301835152356e+01
   9.3198603391342942e+01
   9.2915140469571369e+01
   9.2786880706448713e+01
   9.2761606264298493e+01
   9.2862421073298236e+01
   9.2705080920507257e+01
   9.2668209738125825e+01
   9.2527967169936858e+01
   9.2405944135637512e+01
   9.2290918161197496e+01
   9.2632469436843323e+01
   9.2385908737245487e+01
   9.2478055468156271e+01
   9.2552741585843279e+01
   9.2557895804143143e+01
   9.2428361582405543e+01
   9.2492148096777228e+01
   9.2478604622451726e+01
   9.2483207442523550e+01
   9.2500978459616348e+01
   9.2459886559021953e+01
   9.2504401220146946e+01
   9.2542570690182714e+01
   9.2411659241687417e+01
   9.2736523198403660e+01
   9.2361201162226848e+01
   9.2914082766449312e+01
   9.2743476615769509e+01
   9.2711249417757259e+01
   9.2742753425185114e+01
   9.2885417918134323e+01
   9.2566164801966650e+01
   9.2867093896381746e+01
   9.2904910696236001e+01
   9.2811582823190619e+01
   9.2979233010023023e+01
   9.3080633882557294e+01
   9.2801565497088617e+01
   9.2910603627691756e+01
   9.2904641137073781e+01
   9.2693221768842264e+01
   9.2862813009200764e+01
   9.2961698540120224e+01
   9.2801371965714594e+01
   9.2722463392302572e+01
   9.2743299432657082e+01
   9.2769770417753605e+01
   9.2775048976791723e+01
   9.3125798367514619e+01
   9.3122062438258979e+01
   9.3010315486622119e+01
   9.3037795092087208e+01
   9.2876687244520980e+01
   9.2852770785242356e+01
   9.2935003210562357e+01
   9.2981872435699458e+01
   9.3105227233678278e+01
   9.3419659515634180e+01
   9.3298661266874689e+01
   9.3449684273056818e+01
   9.3625970947451549e+01
   9.3790561633731244e+01
   9.3825964183902670e+01
   9.4045533800527963e+01
   9.4548432819658927e+01
   9.4777013811425107e+01
   9.5221708132581469e+01
   9.5403014080593863e+01
   9.5942465316979096e+01
   9.6635952404386899e+01
   9.7044740406298601e+01
   9.7467670055366767e+01
   9.7904393692166664e+01
   9.8404725371829755e+01
   9.8356210667565563e+01
   9.8658278427819326e+01
   9.8894533425480091e+01
   9.9140048733306216e+01
   9.9064567259270689e+01
   9.9365533781684817e+01
   9.9601997905051689e+01
   9.9424253525777956e+01
   9.9664887660556630e+01
   9.9846373953594892e+01
   9.9736977010995091e+01
   9.9965488020644244e+01
   9.9929553513847850e+01
   1.0006625642544655e+02
   1.0009418755831580e+02
   1.0035600206758799e+02
   1.0034560374819580e+02
   1.0026492873282233e+02
   1.0059803750153034e+02
   1.0052811948165709e+02
   1.0036973296556191e+02
   1.0066918262463739e+02
   1.0059112157871711e+02
   1.0092519281505712e+02
   1.0104682207060280e+02
   1.0145731729936584e+02
   1.0160823199567197e+02
   1.0217602982817465e+02
   1.0256434572198651e+02
   1.0289201875270278e+02
   1.0330012887088886e+02
   1.0334589931275734e+02
   1.0377557163492746e+02
   1.0413255172622345e+02
   1.0447196545744677e+02
   1.0453187714271237e+02
   1.0476773986699885e+02
   1.0513838450899260e+02
   1.0526270872301360e+02
   1.0549460025281725e+02
   1.0570715610501081e+02
   1.0581468054030722e+02
   1.0604280675661505e+02
   1.0614334261202373e+02
   1.0637394782780828e+02
   1.0647933702497643e+02
   1.0660963057518221e+02
   1.0680894195112617e+02
   1.0682100547931707e+02
   1.0722285043072702e+02
   1.0738377004815723e+02
   1.0771953149489501e+02
   1.0802645702611350e+02
   1.0838255776748569e+02
   1.0854145270517265e+02
   1.0860334832730963e+02
   1.0881742886112228e+02
   1.0922082022753658e+02
   1.0951642515339871e+02
   1.0990408473002843e+02
   1.0998193849061416e+02
   1.1060005503363138e+02
   1.1113296450621982e+02
   1.1156067857594851e+02
   1.1190586851276997e+02
   1.1261699603845105e+02
   1.1302162272392380e+02
   1.1373302533716375e+02
   1.1450697728079624e+02
   1.1533700961887634e+02
   1.1615802403111245e+02
   1.1681739464596659e+02
   1.1741252296523407e+02
   1.1783773789385174e+02
   1.1812942080528505e+02
   1.1833871056923167e+02
   1.1848438296833669e+02
   1.1864556097689398e+02
   1.1872989190415227e+02
   1.1879944580855070e+02
   1.1893679187389323e+02
   1.1907594459217015e+02
   1.1905655924122703e+02
   1.1901986617674700e+02
   1.1885948516195066e+02
   1.1856727997787448e+02
   1.1846693061263626e+02
   1.1837863177115192e+02
   1.1828790704125576e+02
   1.1815758217998003e+02
   1.1887450141687991e+02
   1.2047865129984018e+02
   1.2253828766481040e+02
   1.2484866553839299e+02
   1.2680757607516499e+02
   1.2749525565599404e+02
   1.2590425840202367e+02
   1.2154354108038835e+02
   1.1318305168038896e+02
   1.0227443193424516e+02
   8.9905929123531422e+01
   7.6914811398944948e+01
   6.4456380610896488e+01
   5.4882419652030315e+01
   4.8161154829662259e+01
   3.7389349672690621e+01
   3.2885505977036381e+01
   3.0032963058976065e+01
   2.7938127946345517e+01
   2.6546133641866451e+01
   2.6380163821675779e+01
   2.8733429073929788e+01
   3.2702421945627904e+01
   4.3656479756680476e+01
   4.7948242582916166e+01
   5.1562438920656369e+01
   5.5462496874701387e+01
   5.9283594604089942e+01
   6.3271353604345116e+01
   6.7451546607501641e+01
   7.1622772115888353e+01
   7.6199124906393422e+01
   8.0644883975721626e+01
   8.3889380049992397e+01
   8.6985003811481079e+01
   8.9640513861987699e+01
   9.1845828796332427e+01
   9.4149525446150037e+01
   9.6269610415716230e+01
   9.7557362867943539e+01
   9.7387264490433495e+01
   9.6621771374716104e+01
   9.6612647073742565e+01
   9.6887832238922527e+01
   9.6882864641879507e+01
   9.7027787563111232e+01
   9.7062459409177251e+01
   9.6675485297829965e+01
   9.6493962386825018e+01
   9.6097357990614242e+01
   9.5680874174889794e+01
   9.5561802965978572e+01
   9.5649162608975431e+01
   9.5392112682952330e+01
   9.5342713184491856e+01
   9.5175563952083664e+01
   9.5096341366376834e+01
   9.4783721711044180e+01
   9.4476563779302865e+01
   9.4305689743634417e+01
   9.4157727366737248e+01
   9.3838852156776667e+01
   9.3813863670112099e+01
   9.3740266624507115e+01
   9.3501554861105689e+01
   9.3655460242002704e+01
   9.3567988116277618e+01
   9.3307905495393925e+01
   9.3556389630796502e+01
   9.3293883431795706e+01
   9.3193696798158129e+01
   9.3388006048207728e+01
   9.3029847608730293e+01
   9.3331071213133058e+01
   9.3009516417262844e+01
   9.2842214522810210e+01
   9.2747887254291498e+01
   9.2424401998077229e+01
   9.2364682421581804e+01
   9.2133325311983157e+01
   9.1974453358439050e+01
   9.1943658315201134e+01
   9.1759067166189283e+01
   9.1870247392091173e+01
   9.1488558183243740e+01
   9.1507512707146802e+01
   9.1449366411664201e+01
   9.1278665000392408e+01
   9.1235727049387179e+01
   9.1190205581670028e+01
   9.1166025716075183e+01
   9.0916052996646499e+01
   9.0747442507148463e+01
   9.0714540885173108e+01
   9.0671546546781670e+01
   9.0411621418767282e+01
   9.0483129947187564e+01
   9.0579117554586887e+01
   9.0529685778424920e+01
   9.0640235636245507e+01
   9.0924919421823105e+01
   9.0952087179446181e+01
   9.1227525871393013e+01
   9.1182726723440155e+01
   9.1560368441960534e+01
   9.1383046030628918e+01
   9.1386734704944715e+01
   9.1559117078406302e+01
   9.1637628729050334e+01
   9.1504192903354223e+01
   9.1718182354034980e+01
   9.1767526849988982e+01
   9.1648800391498540e+01
   9.1811610384713674e+01
   9.2250222680126654e+01
   9.2596550713211073e+01
   9.2720677854230132e+01
   9.3149015844150057e+01
   9.3240483129593372e+01
   9.3829493695341526e+01
   9.4077034966551551e+01
   9.4787571918584263e+01
   9.5093730207749061e+01
   9.5490832319610021e+01
   9.5602298765263981e+01
   9.6339145940213186e+01
   9.6306561986009200e+01
   9.6630112791430548e+01
   9.6728040353340020e+01
   9.6675073876112805e+01
   9.6830398976298412e+01
   9.6845114847476154e+01
   9.6883918322787167e+01
   9.7110741249274454e+01
   9.7066708422742394e+01
   9.7341330455692088e+01
   9.6996804142911557e+01
   9.7084337104275420e+01
   9.7040145117145656e+01
   9.6937303500888930e+01
   9.7245872782299259e+01
   9.7502678665264426e+01
   9.7528137889467786e+01
   9.7299991724147716e+01
   9.7587369794485923e+01
   9.7414253421083927e+01
   9.7253022074409685e+01
   9.7315004552954747e+01
   9.7244654421553932e+01
   9.7491813652213665e+01
   9.7883030769408080e+01
   9.7990830358971621e+01
   9.8577656776699939e+01
   9.8882598298396502e+01
   9.8717404166131843e+01
   9.9107582384262187e+01
   9.9611862219221763e+01
   9.9729851851154407e+01
   9.9706127895038250e+01
   1.0032775081494938e+02
   1.0068622582884416e+02
   1.0079468101873218e+02
   1.0108430866172952e+02
   1.0130140402753342e+02
   1.0153341345368418e+02
   1.0143432929424816e+02
   1.0181974002302678e+02
   1.0199104243365744e+02
   1.0196293099163276e+02
   1.0242363088222065e+02
   1.0239335089480410e+02
   1.0283424763160617e+02
   1.0279251146201439e+02
   1.0307209408780061e+02
   1.0346405910283747e+02
   1.0353770808960029e+02
   1.0372828813457106e+02
   1.0392812085354771e+02
   1.0396561606933511e+02
   1.0430189170026541e+02
   1.0429142879071578e+02
   1.0457384245164043e+02
   1.0455470412668646e+02
   1.0453476500618264e+02
   1.0462504304788045e+02
   1.0482243350159210e+02
   1.0477001956044883e+02
   1.0518220974972412e+02
   1.0524377755914753e+02
   1.0530417627235238e+02
   1.0548410239586103e+02
   1.0570784695316850e+02
   1.0597374217522112e+02
   1.0605572323648506e+02
   1.0614040823729063e+02
   1.0623159427264586e+02
   1.0652909884151923e+02
   1.0654145940751559e+02
   1.0688593139180644e+02
   1.0707440831241007e+02
   1.0734348597950755e+02
   1.0770790371597241e+02
   1.0808840754023291e+02
   1.0845615062841514e+02
   1.0863414755562121e+02
   1.0902306850944089e+02
   1.0953950348518389e+02
   1.0976703825259332e+02
   1.1023185900152006e+02
   1.1060906420878008e+02
   1.1115399257059130e+02
   1.1166406823102594e+02
   1.1219525650003369e+02
   1.1250527459436812e+02
   1.1286396750167893e+02
   1.1341280305319840e+02
   1.1385584860307712e+02
   1.1432454235620951e+02
   1.1457129446298114e+02
   1.1521306259752804e+02
   1.1532231406730649e+02
   1.1582642753270065e+02
   1.1599384572536138e+02
   1.1674323406517742e+02
   1.1681894511733904e+02
   1.1716043849924131e+02
   1.1737049398687313e+02
   1.1771231473982066e+02
   1.1776520409744450e+02
   1.1793622664782001e+02
   1.1821687968204819e+02
   1.1837473793121035e+02
   1.1843233251099090e+02
   1.1852396668436501e+02
   1.1857488076078978e+02
   1.1873395240968769e+02
   1.1881010884396835e+02
   1.1900210572770568e+02
   1.1906563913214306e+02
   1.1898144065833841e+02
   1.1867401914369970e+02
   1.1849678748456161e+02
   1.1845928985324791e+02
   1.1840869162378736e+02
   1.1831683675724315e+02
   1.1865342949827091e+02
   1.1967011014306642e+02
   1.2101955240907635e+02
   1.2258597302883062e+02
   1.2412826703829768e+02
   1.2494615588224126e+02
   1.2456403760731362e+02
   1.2180694172999473e+02
   1.1634023492774551e+02
   1.0853638657216361e+02
   9.8787475658450447e+01
   8.7784157325364475e+01
   7.5966929065066381e+01
   6.5288426431093598e+01
   5.6436848312639597e+01
   4.9839051862497513e+01
   3.8007512196142052e+01
   3.3432368554267001e+01
   3.0192284961579098e+01
   2.7298903836772460e+01
   2.5383305838154957e+01
   2.3906478310180013e+01
   2.2520391184568041e+01
   2.0249086754551048e+01
   1.9342259676352061e+01
   1.9293273888690091e+01
   1.8792690904875428e+01
   2.0982883195053660e+01
   2.2032384023670215e+01
   2.4516234939264379e+01
   2.7775237266799095e+01
   3.2122283806778661e+01
   4.2527402300000517e+01
   4.6256143994543137e+01
   5.0642216609921498e+01
   5.4229540762560141e+01
   5.7743228292429606e+01
   6.1351131009208963e+01
   6.6027482807581819e+01
   7.0633539539112590e+01
   7.5306689205328524e+01
   7.9802819391128565e+01
   8.3876830834020723e+01
   8.7769673028959375e+01
   9.0772552990719603e+01
   9.3394160635988911e+01
   9.3182791310437523e+01
   9.3239840076470315e+01
   9.3262913927760849e+01
   9.2926598842573526e+01
   9.3062015722105386e+01
   9.2802204250309586e+01
   9.2335586629707421e+01
   9.1629935704778461e+01
   9.0966728027434996e+01
   9.0030035535482057e+01
   8.9743401024875951e+01
   8.9377880008163956e+01
   8.9891900682054128e+01
   8.9929932156447336e+01
   9.0020089695897937e+01
   9.0370315118279194e+01
   9.0627858971061514e+01
   9.0814239885790840e+01
   9.1138542840411816e+01
   9.1413455930846965e+01
   9.1604636432987419e+01
   9.1805268078405334e+01
   9.2205161170397744e+01
   9.2069834510945981e+01
   9.2424309532157750e+01
   9.2301419149213032e+01
   9.2293853354938008e+01
   9.2520870845193159e+01
   9.2522976959912469e+01
   9.2237452157331930e+01
   9.2279521696932733e+01
   9.2361365172122191e+01
   9.2562735927935705e+01
   9.2252758501643967e+01
   9.2588282948886615e+01
   9.2522979827714082e+01
   9.2794266141872598e+01
   9.3033505864517323e+01
   9.3169571485290120e+01
   9.3265268913460474e+01
   9.3339524549375312e+01
   9.3484103729012816e+01
   9.3447143408835714e+01
   9.3566038801162335e+01
   9.3774376276107589e+01
   9.4024893227847912e+01
   9.4465840244598283e+01
   9.4896758896119223e+01
   9.5370664466244506e+01
   9.5724841156575280e+01
   9.6063528228796059e+01
   9.6334746027429105e+01
   9.6753433059764106e+01
   9.7024633417286850e+01
   9.7405111844940976e+01
   9.7540939171979375e+01
   9.7904565960786783e+01
   9.7936563212180587e+01
   9.8079048087306589e+01
   9.8058695793533403e+01
   9.8178029260922742e+01
   9.8173287350536739e+01
   9.8492084695800472e+01
   9.8387300753512093e+01
   9.8422858231064524e+01
   9.8488146059399412e+01
   9.8547763329701525e+01
   9.8664258572631738e+01
   9.8724131323998037e+01
   9.8764860858032236e+01
   9.8703889688228188e+01
   9.8599111626612029e+01
   9.8818348247781287e+01
   9.8650308230509054e+01
   9.8842109460713473e+01
   9.8817005132402215e+01
   9.8853761194526811e+01
   9.8554929828964461e+01
   9.8630301165367584e+01
   9.8620144334455986e+01
   9.8692916644599492e+01
   9.8695571171757834e+01
   9.8905044105369655e+01
   9.8662445426960190e+01
   9.9065750401933769e+01
   9.9027418598996860e+01
   9.9119857141151442e+01
   9.9063275589057497e+01
   9.9099224865049663e+01
   9.9235934981367706e+01
   9.9298735696963064e+01
   9.9450538078888570e+01
   9.9586252198987481e+01
   9.9753089431387480e+01
   9.9972652915587815e+01
   1.0045319851703748e+02
   1.0065039535411302e+02
   1.0090305366914286e+02
   1.0105493165762567e+02
   1.0127174418201338e+02
   1.0156247456807952e+02
   1.0208368519849664e+02
   1.0224518172598603e+02
   1.0268735248896738e+02
   1.0313897483594359e+02
   1.0353366722335251e+02
   1.0407246634496434e+02
   1.0451204940221470e+02
   1.0480867272867378e+02
   1.0505146955232595e+02
   1.0524211165434774e+02
   1.0552566287873015e+02
   1.0577320106529049e+02
   1.0587236218151371e+02
   1.0624553689260985e+02
   1.0668885598807093e+02
   1.0702987933430576e+02
   1.0748126854282511e+02
   1.0795002313201451e+02
   1.0830092029941842e+02
   1.0883469300888419e+02
   1.0922772273121127e+02
   1.0972767936126834e+02
   1.1004184481790944e+02
   1.1046121887956943e+02
   1.1103989629339755e+02
   1.1161000746508577e+02
   1.1216827714704219e+02
   1.1273154196480043e+02
   1.1321367272660065e+02
   1.1386989580084732e+02
   1.1430298095795379e+02
   1.1475650581213205e+02
   1.1505473036129649e+02
   1.1532301657725969e+02
   1.1548845122455009e+02
   1.1570141023138044e+02
   1.1577174766934820e+02
   1.1600942070718568e+02
   1.1641473680961188e+02
   1.1667531349764383e+02
   1.1686795981120508e+02
   1.1702045314808197e+02
   1.1693334325225982e+02
   1.1709437045207787e+02
   1.1706794976991783e+02
   1.1725598824239937e+02
   1.1721570552216959e+02
   1.1724997767316876e+02
   1.1731481001220845e+02
   1.1742370515213334e+02
   1.1739954288606829e+02
   1.1750013536670831e+02
   1.1746821893029731e+02
   1.1746927553279163e+02
   1.1747743258594031e+02
   1.1750227741213803e+02
   1.1754661784960339e+02
   1.1756804085074532e+02
   1.1757695467330458e+02
   1.1760109593234438e+02
   1.1758846316856152e+02
   1.1760329271316064e+02
   1.1760475761058544e+02
   1.1767327801168459e+02
   1.1765714470891831e+02
   1.1772524261476249e+02
   1.1774757378232391e+02
   1.1764841499745876e+02
   1.1772444758091262e+02
   1.1773575802719689e+02
   1.1776577128748764e+02
   1.1785580066155300e+02
   1.1777675146625820e+02
   1.1790750299433022e+02
   1.1789411807789374e+02
   1.1792167425373620e+02
   1.1794859835321304e+02
   1.1798954250479538e+02
   1.1802528753270539e+02
   1.1798534678089453e+02
   1.1804982015379002e+02
   1.1804991198656819e+02
   1.1808995332781704e+02
   1.1814246096549903e+02
   1.1829720279996810e+02
   1.1837283205110296e+02
   1.1849463869434562e+02
   1.1843687706901162e+02
   1.1841207073863727e+02
   1.1821236224395095e+02
   1.1807512148966524e+02
   1.1809879439733832e+02
   1.1802945370494119e+02
   1.1793450393905761e+02
   1.1827063333504599e+02
   1.1931615738797366e+02
   1.2081367449428090e+02
   1.2252981915324096e+02
   1.2408654425147208e+02
   1.2498376727539375e+02
   1.2411963875431731e+02
   1.2077505660280949e+02
   1.1450321991420088e+02
   1.0554424255335651e+02
   9.4821535314799632e+01
   8.3342588590830388e+01
   7.1120787120051546e+01
   6.0651302396481299e+01
   5.2078266283130674e+01
   3.8382324174434942e+01
   3.1969406648698669e+01
   2.7627689397844335e+01
   2.4343585027626190e+01
   2.2237228414291764e+01
   2.0773632414229159e+01
   1.9945016555652909e+01
   1.9543226632500495e+01
   1.9781241427210066e+01
   2.1053343257517991e+01
   2.3474271993271849e+01
   2.6729264373389345e+01
   3.0732820758468687e+01
   4.1337615007968019e+01
   4.4600076659968607e+01
   4.8899924940077575e+01
   5.3846078598627486e+01
   5.8567865256093341e+01
   6.3585222740134682e+01
   6.9144057766992645e+01
   7.4211141771642446e+01
   7.9148730857045251e+01
   8.3049876946165810e+01
   8.6174217561623990e+01
   8.6913103393338957e+01
   8.8304531288677552e+01
   8.8142438661418197e+01
   8.6952191429789963e+01
   8.6575151028713336e+01
   8.6175423344288504e+01
   8.5913933644411202e+01
   8.4958233874351649e+01
   8.4582993535138357e+01
   8.4601505704722257e+01
   8.4451364644872484e+01
   8.5309888772301775e+01
   8.5590116039773761e+01
   8.5957196487830473e+01
   8.6161499874126150e+01
   8.6588075419117160e+01
   8.7019914657508821e+01
   8.7208161193963193e+01
   8.7508953748791285e+01
   8.7405815285803527e+01
   8.7968521857992599e+01
   8.7726226166513882e+01
   8.7703494856453517e+01
   8.8073022150697966e+01
   8.8016275397125838e+01
   8.8180759949993586e+01
   8.8141715460490218e+01
   8.8500591485053022e+01
   8.8460375757704981e+01
   8.8798463403910020e+01
   8.9200304966163230e+01
   8.9326614859910805e+01
   8.9967236795270452e+01
   9.0241244120554498e+01
   9.0188488785493064e+01
   9.0552922568153349e+01
   9.0838361157414667e+01
   9.1201730524267518e+01
   9.0935354711138146e+01
   9.1259808406525096e+01
   9.1539035915891944e+01
   9.1344566168489422e+01
   9.1445785407014128e+01
   9.1326864040687298e+01
   9.1820947276410408e+01
   9.1661809673691963e+01
   9.1845532938519682e+01
   9.2141951343911956e+01
   9.2194347642071961e+01
   9.2111123738234227e+01
   9.2669625254591978e+01
   9.2349990919370939e+01
   9.2836809858884081e+01
   9.2969566984950646e+01
   9.2924918665098147e+01
   9.3255937178633175e+01
   9.3301077169225366e+01
   9.3609463633790625e+01
   9.3831823414417755e+01
   9.4254960268143492e+01
   9.4772502526132698e+01
   9.5449065667570792e+01
   9.6213847274946858e+01
   9.6414819728096518e+01
   9.6816403301005295e+01
   9.7003250236643837e+01
   9.7035053136310850e+01
   9.7237860201219277e+01
   9.7295317526737492e+01
   9.7380475232741475e+01
   9.7314504910009262e+01
   9.7294567938436430e+01
   9.7368299200604582e+01
   9.7514565132930414e+01
   9.7747768170001635e+01
   9.7762828148842743e+01
   9.7906784475693030e+01
   9.7625004760872457e+01
   9.7609593458291570e+01
   9.7530302637829266e+01
   9.7608371121640431e+01
   9.7721725219866471e+01
   9.7482862749742310e+01
   9.7707994733934356e+01
   9.7888482620052955e+01
   9.7827183878499525e+01
   9.8012330863083108e+01
   9.8088511203958319e+01
   9.8321399302378197e+01
   9.8323156001178262e+01
   9.8265948533450327e+01
   9.8321165452983138e+01
   9.8398315894012654e+01
   9.8577495164446233e+01
   9.8859459626585490e+01
   9.9221376766584257e+01
   9.9620954286094644e+01
   1.0013021375696093e+02
   1.0057925170759810e+02
   1.0094455530338796e+02
   1.0158511461212170e+02
   1.0168132420667848e+02
   1.0186472804752725e+02
   1.0237223308918075e+02
   1.0274264861090734e+02
   1.0320691113711506e+02
   1.0369819751683542e+02
   1.0384650134521371e+02
   1.0441679491144751e+02
   1.0478351830393269e+02
   1.0523270809285528e+02
   1.0534009898715816e+02
   1.0585525034663831e+02
   1.0604872259229562e+02
   1.0625097174205052e+02
   1.0635790458994563e+02
   1.0646606378322474e+02
   1.0673175994776514e+02
   1.0677012313590863e+02
   1.0696840293368832e+02
   1.0710610863360482e+02
   1.0742499275150503e+02
   1.0737199232912573e+02
   1.0765115746126271e+02
   1.0780596052434726e+02
   1.0803648681560055e+02
   1.0788293104118443e+02
   1.0805444667577459e+02
   1.0804079718864884e+02
   1.0805414799797306e+02
   1.0786052797714693e+02
   1.0843268072323811e+02
   1.0793237668372508e+02
   1.0835944446509544e+02
   1.0827308468212743e+02
   1.0850324023695120e+02
   1.0878463380653974e+02
   1.0891634944465737e+02
   1.0939551088346397e+02
   1.0939645451209442e+02
   1.0963484274684232e+02
   1.0996857515104767e+02
   1.1042520142574109e+02
   1.1082565445348834e+02
   1.1106604431368504e+02
   1.1158171910256877e+02
   1.1183993373388911e+02
   1.1244924596216600e+02
   1.1269140426103462e+02
   1.1324045910409936e+02
   1.1358293765767519e+02
   1.1401637833856769e+02
   1.1438557134555060e+02
   1.1438439322804129e+02
   1.1491199196387470e+02
   1.1547585376414096e+02
   1.1592384056022348e+02
   1.1606817538101555e+02
   1.1643133971441917e+02
   1.1680800162352293e+02
   1.1712996188027904e+02
   1.1729808260901633e+02
   1.1753217281451217e+02
   1.1776666811569781e+02
   1.1793909682199194e+02
   1.1792276480218430e+02
   1.1813146697357503e+02
   1.1804787037022327e+02
   1.1821386355108126e+02
   1.1829771975750782e+02
   1.1832946529197672e+02
   1.1833709660816258e+02
   1.1836265920456215e+02
   1.1834016655391096e+02
   1.1832052044569996e+02
   1.1838403624303753e+02
   1.1840233358644964e+02
   1.1841739723898598e+02
   1.1858858514268253e+02
   1.1849259883346180e+02
   1.1840650561730402e+02
   1.1838343524987147e+02
   1.1818032207375717e+02
   1.1801654236534870e+02
   1.1822019797824049e+02
   1.1801597191592502e+02
   1.1845354097929732e+02
   1.1963741740573629e+02
   1.2126694509040252e+02
   1.2348625845807815e+02
   1.2568534014206666e+02
   1.2742690085408815e+02
   1.2826020178470964e+02
   1.2693874373922505e+02
   1.2190572127837709e+02
   1.1297841018620468e+02
   1.0118635086679852e+02
   8.8129735641773351e+01
   7.4628333858421129e+01
   6.2245228745810955e+01
   5.3035357742571982e+01
   4.6877215837063709e+01
   3.5131285221780843e+01
   3.0620770819329341e+01
   2.6679423058465535e+01
   2.3525450252601743e+01
   2.1325007988253304e+01
   2.0347142109458161e+01
   2.0357104016514633e+01
   2.0593855767894546e+01
   2.1846686402856545e+01
   2.2597997090663267e+01
   2.3364178634168130e+01
   2.4793963714720896e+01
   2.6489100581738942e+01
   2.8634680399724679e+01
   3.1850662920931413e+01
   4.2394693505122092e+01
   4.6610726660174038e+01
   5.0841215404312464e+01
   5.5197047991758957e+01
   5.9129101488670315e+01
   6.3767685186623268e+01
   6.8942883227945686e+01
   7.3261724524248464e+01
   7.6855787894478510e+01
   8.0038352560720469e+01
   8.3022864758395983e+01
   8.6040101125237385e+01
   8.8860176933551841e+01
   9.1045675343012732e+01
   9.1285101637759396e+01
   9.1030004676049984e+01
   9.0422391144003498e+01
   9.0023566531203613e+01
   8.9900921349651128e+01
   9.0264065272178712e+01
   9.0557464712227443e+01
   9.0892480821595711e+01
   9.0725794171671652e+01
   9.0260276227668982e+01
   9.0034188288099202e+01
   8.9524775151470251e+01
   8.9043950694480046e+01
   8.8767670632065048e+01
   8.9109904303278583e+01
   8.8966119627091146e+01
   8.8851285634935635e+01
   8.8978986995972619e+01
   8.9079462989509196e+01
   8.9270755403788016e+01
   8.9303345061135090e+01
   8.9290901165347378e+01
   8.9498971854732403e+01
   8.9271686896840762e+01
   8.9446509115891786e+01
   8.9445999957267105e+01
   8.9471236991689793e+01
   8.9347156189360646e+01
   8.9434899944955873e+01
   8.9459844786766922e+01
   8.9094555813352173e+01
   8.9190516942581908e+01
   8.9199953477240143e+01
   8.9048277845929661e+01
   8.9369803039127660e+01
   8.9263632058635139e+01
   8.9491501215790606e+01
   8.9278041917220960e+01
   8.9739975021809215e+01
   8.9458539904042766e+01
   8.9856501479146289e+01
   8.9576079295720845e+01
   8.9886968895976409e+01
   8.9693987851469359e+01
   8.9905951489894946e+01
   8.9780908361573481e+01
   9.0340099848323035e+01
   8.9993166818107781e+01
   9.0015282526497629e+01
   9.0290373542262287e+01
   9.0331717854259750e+01
   9.0127280917970253e+01
   9.0358926325033451e+01
   9.0421625813969740e+01
   9.0682364065628605e+01
   9.0633255714857086e+01
   9.1132799855486894e+01
   9.1267170803734118e+01
   9.1342875262678021e+01
   9.1872478125715190e+01
   9.2233379289243302e+01
   9.2270797105831150e+01
   9.2529494285008724e+01
   9.2656146548215915e+01
   9.2997645322428426e+01
   9.3269727422124987e+01
   9.3321922391210876e+01
   9.3793617786841637e+01
   9.3899669504203203e+01
   9.3971615617155905e+01
   9.4017011867540148e+01
   9.4270364186534266e+01
   9.4296291226118484e+01
   9.4783177183078791e+01
   9.5270888806070374e+01
   9.5520101178712594e+01
   9.6106117975216904e+01
   9.5817224532954015e+01
   9.6058762215343378e+01
   9.6520047859635653e+01
   9.6800944102742477e+01
   9.7376773600511655e+01
   9.8006132494848373e+01
   9.8297547355605346e+01
   9.8611590593556841e+01
   9.8907406294391819e+01
   9.9270370683056541e+01
   9.9361465958001176e+01
   9.9623230673196616e+01
   9.9588740013903163e+01
   9.9939354601874186e+01
   9.9899028448508801e+01
   9.9869502428451710e+01
   9.9988786371745988e+01
   1.0005335211686814e+02
   9.9990342167461591e+01
   1.0002420670236768e+02
   9.9608950286612853e+01
   9.9426516270461718e+01
   9.9842878953885204e+01
   9.9807661952966328e+01
   9.9802524001262128e+01
   1.0008506200450189e+02
   1.0012998308855131e+02
   1.0027107193473087e+02
   1.0009831151864026e+02
   1.0025317135948022e+02
   1.0036516296684147e+02
   1.0058503867377982e+02
   1.0058615366430067e+02
   1.0073471400643729e+02
   1.0090952218020112e+02
   1.0129076078839991e+02
   1.0195341777162072e+02
   1.0248526761690907e+02
   1.0300148034743005e+02
   1.0365128019211480e+02
   1.0437500172900326e+02
   1.0490221597936180e+02
   1.0521801268356101e+02
   1.0569524760047646e+02
   1.0619562140586969e+02
   1.0624168818534825e+02
   1.0686966180114378e+02
   1.0751445752622800e+02
   1.0843255874259020e+02
   1.0924472233738955e+02
   1.0988312136877833e+02
   1.1062259769314845e+02
   1.1141420397228127e+02
   1.1202152910804691e+02
   1.1294440351979992e+02
   1.1340407173575905e+02
   1.1422424326389216e+02
   1.1533190568225325e+02
   1.1561223274197116e+02
   1.1619029530978618e+02
   1.1654029632577085e+02
   1.1647530456153783e+02
   1.1649546974258138e+02
   1.1545607024927438e+02
   1.1554493895527195e+02
   1.1573175526114530e+02
   1.1570734660293945e+02
   1.1584352967463845e+02
   1.1610745395428027e+02
   1.1613724477019441e+02
   1.1574298509976281e+02
   1.1629174164893757e+02
   1.1586720318447307e+02
   1.1633480006880447e+02
   1.1636594005437480e+02
   1.1664420279013511e+02
   1.1694531919813356e+02
   1.1723326805109733e+02
   1.1758095017334989e+02
   1.1773181259523398e+02
   1.1743134111487831e+02
   1.1790755792126319e+02
   1.1779843556096172e+02
   1.1804687799918760e+02
   1.1783941391342007e+02
   1.1797530161871839e+02
   1.1816375973458608e+02
   1.1818944561599801e+02
   1.1820852884464949e+02
   1.1826316181400512e+02
   1.1820426763173029e+02
   1.1826651722383941e+02
   1.1831983342081659e+02
   1.1839972699733545e+02
   1.1833191220847658e+02
   1.1838725793230248e+02
   1.1841831486067868e+02
   1.1842639785130498e+02
   1.1844121775711665e+02
   1.1855916346957326e+02
   1.1850797760078638e+02
   1.1858551351630027e+02
   1.1857806141287780e+02
   1.1857186955010310e+02
   1.1868150879107583e+02
   1.1873554412317296e+02
   1.1875051354238938e+02
   1.1874979468895525e+02
   1.1879322056549479e+02
   1.1878487496835240e+02
   1.1886744906753867e+02
   1.1886530217778788e+02
   1.1893235313304085e+02
   1.1898928266717009e+02
   1.1899570072009881e+02
   1.1899091499209236e+02
   1.1903554316923686e+02
   1.1903005165019239e+02
   1.1903930392769855e+02
   1.1900157480626820e+02
   1.1898878185744307e+02
   1.1902710159436701e+02
   1.1909355166522465e+02
   1.1913070177895078e+02
   1.1927452472019040e+02
   1.1935932814331856e+02
   1.1931745199289864e+02
   1.1920000792349244e+02
   1.1898878317193655e+02
   1.1888969534084994e+02
   1.1893889245386060e+02
   1.1892475631419501e+02
   1.1893080993757607e+02
   1.1959139587316740e+02
   1.2090118213920242e+02
   1.2250242565492611e+02
   1.2419897255730191e+02
   1.2568656320132915e+02
   1.2655106727875950e+02
   1.2637470328921478e+02
   1.2440134374606708e+02
   1.2021854656035779e+02
   1.1376260546959995e+02
   1.0535534333486014e+02
   9.5899806282429395e+01
   8.5691633044715672e+01
   7.5322188181843032e+01
   6.6097266978640548e+01
   5.8023260935320479e+01
   5.1269104694849482e+01
   4.6236800911473779e+01
   3.4104566532385149e+01
   2.9535457160544244e+01
   2.5898456105742845e+01
   2.3293248920484132e+01
   2.1930044589834832e+01
   2.0942695701427063e+01
   2.0616466505755447e+01
   2.0624136501166998e+01
   2.0684311607004851e+01
   2.0314924076303512e+01
   2.0210704340343888e+01
   2.2083383611595796e+01
   2.4572196460686513e+01
   2.8639280898020747e+01
   3.3871106293137558e+01
   4.4141473807086754e+01
   4.8445435500006646e+01
   5.2618738037322039e+01
   5.6652731282833152e+01
   6.0681253655249030e+01
   6.5236718633150304e+01
   6.9484632890347982e+01
   7.3376107382035016e+01
   7.7635562346932147e+01
   8.2324066480506019e+01
   8.6310216399725917e+01
   8.6641564193380859e+01
   8.7266617286084653e+01
   8.5848206565848699e+01
   8.5711219314728609e+01
   8.5271739146108516e+01
   8.6150452575739095e+01
   8.6545520012365500e+01
   8.6783451439764391e+01
   8.6247494140831407e+01
   8.5726261980379022e+01
   8.5502329193835493e+01
   8.5164382123764653e+01
   8.5388275877126787e+01
   8.5602825830489962e+01
   8.5910030048721680e+01
   8.6563813449873365e+01
   8.6899382708849174e+01
   8.7188029388093867e+01
   8.7659111649094200e+01
   8.7867883184275428e+01
   8.8346151910704748e+01
   8.8505328527858282e+01
   8.8748392186748433e+01
   8.8831567121155487e+01
   8.8538580933029763e+01
   8.8771607943524245e+01
   8.8744986409927904e+01
   8.8932906687524749e+01
   8.8926350809279540e+01
   8.9192655276726597e+01
   8.9196644634368624e+01
   8.9748748954163375e+01
   8.9884711212933752e+01
   9.0022368123077257e+01
   9.0461525349456608e+01
   9.0653186226567684e+01
   9.0995940796499781e+01
   9.1322012705213311e+01
   9.1495373127484569e+01
   9.1760041831343500e+01
   9.2334916834159017e+01
   9.2395738474972489e+01
   9.2653600567750630e+01
   9.3029329348655253e+01
   9.3136589523004275e+01
   9.3498551503145862e+01
   9.3456793132652024e+01
   9.3953616347595755e+01
   9.3921173902974132e+01
   9.4115730257129243e+01
   9.4475986448759059e+01
   9.4503258201347023e+01
   9.4482439534340259e+01
   9.4593888127534342e+01
   9.4432410054197533e+01
   9.4509958543604895e+01
   9.4762722511170395e+01
   9.4938859371629533e+01
   9.4982867969579161e+01
   9.5035658582685997e+01
   9.5451942355346020e+01
   9.5781966155733869e+01
   9.6410939107999724e+01
   9.6776775685451398e+01
   9.6881877395029164e+01
   9.7327100212316992e+01
   9.7567192755704923e+01
   9.7686380834524442e+01
   9.8037243872202197e+01
   9.8007939403597916e+01
   9.7965560199639441e+01
   9.8052384356014002e+01
   9.8205220982784923e+01
   9.8077402388954368e+01
   9.8197507703097443e+01
   9.8391023017806219e+01
   9.8636406941117173e+01
   9.8738338757136987e+01
   9.8872552079506164e+01
   9.9006659375536344e+01
   9.9087087175085557e+01
   9.9160499053495386e+01
   9.9439669328266177e+01
   9.9425083255134709e+01
   9.9263252137724592e+01
   9.9126351686562785e+01
   9.9551750791733653e+01
   9.9695381015396563e+01
   9.9868939551611618e+01
   9.9949454807978483e+01
   9.9872901214372675e+01
   1.0009526302017638e+02
   1.0031660833180969e+02
   1.0032220599194839e+02
   1.0056774077286049e+02
   1.0053352715029834e+02
   1.0047446541678434e+02
   1.0046813396887205e+02
   1.0084513008716799e+02
   1.0103645595357693e+02
   1.0139973465158414e+02
   1.0181489974818457e+02
   1.0234369789666700e+02
   1.0297479090485203e+02
   1.0356179597824558e+02
   1.0414995930549595e+02
   1.0477149327215390e+02
   1.0538104359334925e+02
   1.0598863034567010e+02
   1.0645605425854728e+02
   1.0716850322451731e+02
   1.0766710145309736e+02
   1.0857841897543256e+02
   1.0946648097707808e+02
   1.1022707362197474e+02
   1.1095725192392634e+02
   1.1183728379856873e+02
   1.1268790201474614e+02
   1.1318139109050033e+02
   1.1381880283617288e+02
   1.1424761440312216e+02
   1.1474087624307343e+02
   1.1491972811493947e+02
   1.1523487198571780e+02
   1.1550305712151410e+02
   1.1556887741961232e+02
   1.1594486079862068e+02
   1.1634331657781183e+02
   1.1639241938635789e+02
   1.1644473374100060e+02
   1.1671212256676399e+02
   1.1659145168145857e+02
   1.1645233732135286e+02
   1.1659501396175847e+02
   1.1671985130427279e+02
   1.1660813949616902e+02
   1.1669265964379329e+02
   1.1691730563576235e+02
   1.1696927913399834e+02
   1.1711068776323614e+02
   1.1699162979499856e+02
   1.1711372177929931e+02
   1.1705985591472756e+02
   1.1727456748918426e+02
   1.1724236574543144e+02
   1.1720279921710080e+02
   1.1725290277527465e+02
   1.1731713066657126e+02
   1.1727860186667544e+02
   1.1737759818709912e+02
   1.1738579909998651e+02
   1.1738020005701125e+02
   1.1737913531179285e+02
   1.1738922915028861e+02
   1.1744873392009937e+02
   1.1750886788353114e+02
   1.1750439983338174e+02
   1.1755209844324368e+02
   1.1758858701446393e+02
   1.1768024632931076e+02
   1.1764415942546849e+02
   1.1772006219645823e+02
   1.1772834928802691e+02
   1.1771204160078740e+02
   1.1782038826963422e+02
   1.1787857168181112e+02
   1.1786995784236520e+02
   1.1800429147340031e+02
   1.1800890337384755e+02
   1.1811295453750985e+02
   1.1810299485612890e+02
   1.1801896762192752e+02
   1.1800851336953887e+02
   1.1788968856118092e+02
   1.1795703144323316e+02
   1.1797596132153686e+02
   1.1809706249633462e+02
   1.1818786633801072e+02
   1.1835589315867365e+02
   1.1849138235854419e+02
   1.1865988213529393e+02
   1.1860500388501625e+02
   1.1838844047455274e+02
   1.1838742196287043e+02
   1.1838172813037818e+02
   1.1828831903689252e+02
   1.1820977359781871e+02
   1.1904111280239883e+02
   1.2063594358300220e+02
   1.2236345707085597e+02
   1.2428644654444808e+02
   1.2567688663486403e+02
   1.2567165689228109e+02
   1.2385927391665034e+02
   1.1975754496371380e+02
   1.1335482387463657e+02
   1.0546535132925564e+02
   9.7000039993927814e+01
   8.8118584574916284e+01
   7.9703188165265530e+01
   7.1701637260731019e+01
   6.5765723430497530e+01
   5.9497074148991778e+01
   5.3370852992005936e+01
   4.8305881122213187e+01
   3.6954115888089305e+01
   3.2238872934089819e+01
   2.7801250857829331e+01
   2.4309510701909812e+01
   2.1535164932709016e+01
   1.9183668469494940e+01
   1.7914920621347413e+01
   1.7537767861984957e+01
   1.8028420734155784e+01
   1.8478266075826987e+01
   1.9460929480207113e+01
   2.1069373271758423e+01
   2.3305404137432376e+01
   2.5667269352553920e+01
   2.8841787671672915e+01
   3.3263468326834740e+01
   4.4101843233176339e+01
   4.7922822802980015e+01
   5.1763215336982071e+01
   5.5346519159603005e+01
   5.9000326546807756e+01
   6.2697890762626379e+01
   6.6992843889999492e+01
   7.1432228541885209e+01
   7.5700237134666963e+01
   7.9861875886925347e+01
   8.3753836279253548e+01
   8.7940920803088019e+01
   9.0886300159869776e+01
   9.2020371359946878e+01
   9.1773835791125435e+01
   9.0138409529456354e+01
   8.9737298577340894e+01
   8.9449084278134023e+01
   8.9077120275951216e+01
   8.8590992182159411e+01
   8.8278608911380772e+01
   8.8312466048300251e+01
   8.8486248789485373e+01
   8.8611796664151001e+01
   8.8873404045346106e+01
   8.9613423510820255e+01
   9.0011044619513072e+01
   9.0895153501067981e+01
   9.1356048573420694e+01
   9.1745794325056593e+01
   9.2364761496164064e+01
   9.3004108452375775e+01
   9.3102330019734381e+01
   9.3439368240131927e+01
   9.3933645972973395e+01
   9.4167959067841196e+01
   9.4165632884718960e+01
   9.4266393338826646e+01
   9.4403898130565366e+01
   9.4309958778547553e+01
   9.4405833021617070e+01
   9.4498991421083915e+01
   9.4389138492009110e+01
   9.4701742828159141e+01
   9.4777080943564684e+01
   9.4598549328000189e+01
   9.4713360970433101e+01
   9.4767916611420361e+01
   9.4961740747639396e+01
   9.5145214005433573e+01
   9.5416640337216194e+01
   9.5689122511872554e+01
   9.5700568765061149e+01
   9.5978221660065344e+01
   9.5846134734233019e+01
   9.6097962507322038e+01
   9.6300406892703307e+01
   9.6707150321208701e+01
   9.7095308514007627e+01
   9.7353243789232508e+01
   9.7638563286830689e+01
   9.7763195586784292e+01
   9.8082940589546297e+01
   9.8398651654462896e+01
   9.8380161510002466e+01
   9.8645185340358069e+01
   9.8619143846177636e+01
   9.8696408944441629e+01
   9.8560718355255503e+01
   9.8533035879189342e+01
   9.8344722023229778e+01
   9.8293722582097615e+01
   9.8324659219183403e+01
   9.8104567100478477e+01
   9.8335214309099456e+01
   9.8293424945886258e+01
   9.8162641640949190e+01
   9.8379500980302495e+01
   9.8240646727574997e+01
   9.8104101861625921e+01
   9.8317011551519414e+01
   9.8353067466077249e+01
   9.8290288151702370e+01
   9.8492682235706056e+01
   9.8548795200709634e+01
   9.8465313454229559e+01
   9.8596343540396305e+01
   9.8626299812620928e+01
   9.8684561628144110e+01
   9.8454191629508969e+01
   9.8281224602312903e+01
   9.8413807593782352e+01
   9.8499674123514993e+01
   9.8702561655055163e+01
   9.8913644407301803e+01
   9.8815603526754629e+01
   9.9415789512697870e+01
   9.9736814448790540e+01
   9.9866269590934621e+01
   1.0000814429602288e+02
   1.0011996091273554e+02
   1.0037679588919147e+02
   1.0052736090934761e+02
   1.0064321035486847e+02
   1.0088197957601139e+02
   1.0116320001406557e+02
   1.0137968137573375e+02
   1.0135043449901592e+02
   1.0160478563271860e+02
   1.0164750371010784e+02
   1.0183494671641031e+02
   1.0180906761258193e+02
   1.0198916117311646e+02
   1.0233904933198653e+02
   1.0279249554956081e+02
   1.0332135348090596e+02
   1.0389520784433657e+02
   1.0455441418190861e+02
   1.0526111724555844e+02
   1.0606816439356493e+02
   1.0670812677186933e+02
   1.0731476168892219e+02
   1.0775209409851428e+02
   1.0812763305708474e+02
   1.0846134248016990e+02
   1.0865810281414863e+02
   1.0905400160210039e+02
   1.0971833437809826e+02
   1.1036270479457244e+02
   1.1099697485129421e+02
   1.1181804255550485e+02
   1.1246627652483291e+02
   1.1316719380662859e+02
   1.1355584981166774e+02
   1.1393824305685781e+02
   1.1434115339929156e+02
   1.1417143716644011e+02
   1.1455761407685509e+02
   1.1474449527078889e+02
   1.1514976528523563e+02
   1.1517928235912989e+02
   1.1528014676317093e+02
   1.1541185322820820e+02
   1.1552389746867843e+02
   1.1585138905891877e+02
   1.1570889205293793e+02
   1.1564085449481848e+02
   1.1551236878017951e+02
   1.1546711644787335e+02
   1.1545070973984969e+02
   1.1543207193689764e+02
   1.1548221850873462e+02
   1.1548242361103367e+02
   1.1551985900386846e+02
   1.1536467153420554e+02
   1.1535591967463880e+02
   1.1520635341010073e+02
   1.1523812325297715e+02
   1.1522951512097238e+02
   1.1515818127902580e+02
   1.1525558187808669e+02
   1.1535441270852613e+02
   1.1552013862063437e+02
   1.1565077809247811e+02
   1.1574818018551021e+02
   1.1571271851102804e+02
   1.1574094345378488e+02
   1.1570088512673689e+02
   1.1564170818540052e+02
   1.1564196209081663e+02
   1.1579011843789564e+02
   1.1593251310908407e+02
   1.1598865252794204e+02
   1.1618819169018801e+02
   1.1619784106944647e+02
   1.1634677665369952e+02
   1.1640974455498474e+02
   1.1653835035232039e+02
   1.1649977682011088e+02
   1.1663431845290350e+02
   1.1686612861335115e+02
   1.1704057017846257e+02
   1.1722304624870490e+02
   1.1741116059613233e+02
   1.1740128969983414e+02
   1.1725911768285536e+02
   1.1720923283203852e+02
   1.1716749944236967e+02
   1.1719621853534568e+02
   1.1720485848253897e+02
   1.1764716995302875e+02
   1.1894787119363477e+02
   1.2059059254782170e+02
   1.2237439501008620e+02
   1.2382724825131061e+02
   1.2431783180790526e+02
   1.2274376657279760e+02
   1.1779465659366775e+02
   1.0964505283399305e+02
   9.8242045867942281e+01
   8.5455062469402904e+01
   7.2173613006558412e+01
   6.0727511326602908e+01
   5.1492420099365305e+01
   3.8256530309333201e+01
   3.2448975832869635e+01
   2.8371681223917971e+01
   2.5039972490809134e+01
   2.2855109066425619e+01
   2.0409135315099213e+01
   1.8752348817166055e+01
   1.8397773124421768e+01
   1.7999651616392363e+01
   1.7905874819269968e+01
   1.8361480552830244e+01
   1.9197030122577452e+01
   2.2029853034039924e+01
   2.3642741357536174e+01
   2.6789028569529819e+01
   3.1650128229293198e+01
   4.2697119753253155e+01
   4.6804786481621932e+01
   5.1842680728846020e+01
   5.6540460084320280e+01
   6.0993255171981737e+01
   6.6117935864376975e+01
   7.1985480426205100e+01
   7.8040837091811127e+01
   8.3735922055561474e+01
   8.8622791736904716e+01
   9.1741062754260057e+01
   9.2122037270628368e+01
   9.1145909945893180e+01
   8.8129491714683510e+01
   8.6993930357326647e+01
   8.7333511797448665e+01
   8.7501926399692664e+01
   8.6815998848973834e+01
   8.5863495454515359e+01
   8.4972475299202117e+01
   8.4143646600950518e+01
   8.4294031651633162e+01
   8.4767362873334648e+01
   8.5289043382505056e+01
   8.5803055089933252e+01
   8.6632629665805268e+01
   8.7269642112990852e+01
   8.7948048793933040e+01
   8.8599176327726013e+01
   8.9273307753915859e+01
   8.9722108134092807e+01
   9.0066953549240594e+01
   9.0375578790943052e+01
   9.0562166363796507e+01
   9.0755316557833908e+01
   9.0803261553579404e+01
   9.1037104148788842e+01
   9.1279480123375080e+01
   9.1490263428523747e+01
   9.1525062024311865e+01
   9.1519614210630508e+01
   9.1431497504614015e+01
   9.1599878181334162e+01
   9.1762576141526083e+01
   9.1841255712239473e+01
   9.1858706535496268e+01
   9.1853147421645957e+01
   9.1995040097196394e+01
   9.1967516559076387e+01
   9.2043964752349694e+01
   9.1737263385633725e+01
   9.1710316955509043e+01
   9.1550800322740329e+01
   9.1460564433984459e+01
   9.1513631871271627e+01
   9.1478624942298410e+01
   9.1372015042707460e+01
   9.1245057496943716e+01
   9.1491972391943776e+01
   9.1551720344346023e+01
   9.1924124155887910e+01
   9.2399059655493190e+01
   9.2565467086143926e+01
   9.2825973126676331e+01
   9.3187633329946848e+01
   9.3475274048378566e+01
   9.3981736508888872e+01
   9.4186848614238343e+01
   9.4315773552515239e+01
   9.4323955278143089e+01
   9.4331260833846414e+01
   9.4195576948765790e+01
   9.4257214952753884e+01
   9.4320877941500157e+01
   9.4150602710941072e+01
   9.4116442473017258e+01
   9.3910621518801847e+01
   9.4087020429174316e+01
   9.3991161952683896e+01
   9.4048498858823791e+01
   9.4111780385764334e+01
   9.4195382520428666e+01
   9.4248065937629448e+01
   9.4210352909986796e+01
   9.4209708124834791e+01
   9.4082350153199243e+01
   9.3969888390666569e+01
   9.3996382356781936e+01
   9.4005636911718767e+01
   9.4023029901659243e+01
   9.3825031706304259e+01
   9.3976837941139905e+01
   9.3765175092234699e+01
   9.4032560175912266e+01
   9.3834009770379268e+01
   9.3980276024555693e+01
   9.3591454592692102e+01
   9.3837928708922945e+01
   9.3984763595232678e+01
   9.3976987503892502e+01
   9.4376072383578077e+01
   9.4268516575412391e+01
   9.4574038219182825e+01
   9.4733768356515725e+01
   9.4765913816910199e+01
   9.4807659244235850e+01
   9.4862508212158247e+01
   9.5020839957259881e+01
   9.5198724314801638e+01
   9.5292856735533448e+01
   9.5513488380166180e+01
   9.5585689348876244e+01
   9.5434173996825692e+01
   9.5731520548775478e+01
   9.5519496056106703e+01
   9.5713406168048337e+01
   9.5557300405767904e+01
   9.5871758792055829e+01
   9.5943047380128078e+01
   9.6057058028613227e+01
   9.6479646793224035e+01
   9.6671561002191851e+01
   9.6946389635830329e+01
   9.7318820882344923e+01
   9.7767289262028811e+01
   9.8286550249973132e+01
   9.8651352730338772e+01
   9.8972147388183444e+01
   9.9322243323653467e+01
   9.9780169649549876e+01
   1.0010355043499837e+02
   1.0045445335044143e+02
   1.0071033651194456e+02
   1.0107269367959900e+02
   1.0135062391628023e+02
   1.0155063895599669e+02
   1.0172248785640498e+02
   1.0210908932168343e+02
   1.0231383777564781e+02
   1.0249134159528143e+02
   1.0273483532251576e+02
   1.0302358237018797e+02
   1.0317644662757402e+02
   1.0338938166318701e+02
   1.0356501341868783e+02
   1.0387432914248666e+02
   1.0383457436487660e+02
   1.0407204300417084e+02
   1.0430769488645760e+02
   1.0438278682375055e+02
   1.0451417424756443e+02
   1.0466749493308397e+02
   1.0489453672699636e+02
   1.0488740427595741e+02
   1.0497528153161100e+02
   1.0515606122629433e+02
   1.0524853838124397e+02
   1.0543254830468163e+02
   1.0559918804330640e+02
   1.0571986485014212e+02
   1.0582383890995334e+02
   1.0595677605662445e+02
   1.0617858599513100e+02
   1.0622079674114428e+02
   1.0649185868207230e+02
   1.0646262103974044e+02
   1.0670525189619775e+02
   1.0682314987871285e+02
   1.0717488886884709e+02
   1.0745169315762718e+02
   1.0768696443581362e+02
   1.0795606818920902e+02
   1.0820400569596632e+02
   1.0839563639575981e+02
   1.0832491612201562e+02
   1.0875469354235614e+02
   1.0896557094799539e+02
   1.0922345344250473e+02
   1.0944390064651202e+02
   1.0990735239149707e+02
   1.1022242734644261e+02
   1.1058040794534563e+02
   1.1092059463352273e+02
   1.1138427930692224e+02
   1.1164745499120431e+02
   1.1203000967986098e+02
   1.1225289494085236e+02
   1.1266752781807844e+02
   1.1299860477245755e+02
   1.1335311508544667e+02
   1.1349659260329614e+02
   1.1397668023804107e+02
   1.1449346443948045e+02
   1.1488766226759383e+02
   1.1545182420832536e+02
   1.1560821125085097e+02
   1.1560257705115113e+02
   1.1568917316928858e+02
   1.1584119213844856e+02
   1.1604445449867066e+02
   1.1623920471922355e+02
   1.1623464172825663e+02
   1.1695191439569568e+02
   1.1900386591733771e+02
   1.2174053982783563e+02
   1.2474880226791316e+02
   1.2740690706182318e+02
   1.2853440239285536e+02
   1.2658310791144616e+02
   1.2054550805855641e+02
   1.0977035544951542e+02
   9.6724892629487115e+01
   8.2710841082133470e+01
   6.8221078670090293e+01
   5.4986275504345414e+01
   3.8559787540466395e+01
   3.0997930719301394e+01
   2.5510781407229096e+01
   2.2097478113969814e+01
   1.9197437645632970e+01
   1.6896757683782649e+01
   1.5542933124847185e+01
   1.5595115066163512e+01
   1.5758568493480972e+01
   1.6416492585121027e+01
   1.6785427062533554e+01
   1.7609773828629017e+01
   2.0270127164435785e+01
   2.3671725355550702e+01
   2.8491015473333697e+01
   4.1494110294172572e+01
   4.6828373075101979e+01
   5.3133596741630797e+01
   5.8560267964412439e+01
   6.3344597749597128e+01
   6.8569030668892125e+01
   7.4019529784457347e+01
   7.8290777070894293e+01
   8.1819608729742740e+01
   8.6401996552584350e+01
   8.8578569546196604e+01
   9.0075360689476454e+01
   8.7626010650560275e+01
   8.5760383551136897e+01
   8.5201892412605531e+01
   8.5182614824578280e+01
   8.4860073656333896e+01
   8.4340715750665268e+01
   8.3981793722530071e+01
   8.3875818797699097e+01
   8.4081191158732111e+01
   8.4679589653974162e+01
   8.5141802863855403e+01
   8.5716100125075400e+01
   8.6186930162425682e+01
   8.7037195222248812e+01
   8.7945494951763024e+01
   8.8703084517692218e+01
   8.8936916801552641e+01
   8.9233836978397051e+01
   8.9686112446023344e+01
   8.9766553694560301e+01
   9.0079746376217116e+01
   9.0389409127034355e+01
   9.0540919524115679e+01
   9.0586187669655814e+01
   9.0676579369206621e+01
   9.0586886027074058e+01
   9.0576200858120473e+01
   9.0800056283340950e+01
   9.0520355414549002e+01
   9.0811832364182862e+01
   9.0553471438115821e+01
   9.0883103045175048e+01
   9.0994027687018274e+01
   9.1028703639834504e+01
   9.1397562437061083e+01
   9.1430518266173976e+01
   9.1450301719382381e+01
   9.1788757827193407e+01
   9.1642919071149919e+01
   9.1906687871775873e+01
   9.2134646919589102e+01
   9.2064539206194695e+01
   9.2404693655074695e+01
   9.2585390691328087e+01
   9.2931938883190142e+01
   9.2910738764023236e+01
   9.3124227908846777e+01
   9.3634015419113751e+01
   9.3903192820513993e+01
   9.3983145523325746e+01
   9.4039267014474689e+01
   9.4510618760834333e+01
   9.4790833563789803e+01
   9.5148368237058378e+01
   9.5319284792361145e+01
   9.5577611537553949e+01
   9.5687592135181433e+01
   9.5950512040549754e+01
   9.6154651243254932e+01
   9.6144657775868311e+01
   9.6071970256724939e+01
   9.6150880928044444e+01
   9.6021712109793484e+01
   9.6403908665828197e+01
   9.6046123332338169e+01
   9.6211854316884569e+01
   9.6458535429181353e+01
   9.6250086835115269e+01
   9.6419581727056155e+01
   9.6338504598260201e+01
   9.6498493923001547e+01
   9.6475918929267863e+01
   9.6640159283924987e+01
   9.6441079731814000e+01
   9.6633167827066501e+01
   9.6479977811502494e+01
   9.6556620102861856e+01
   9.6412574404282907e+01
   9.6613658459926000e+01
   9.6451392490810278e+01
   9.6725187724205995e+01
   9.6665310192669111e+01
   9.6520748779636719e+01
   9.6596047639432044e+01
   9.6773124330908928e+01
   9.7045930825165826e+01
   9.7018504778374719e+01
   9.7176830162886674e+01
   9.7399187603067986e+01
   9.7285854556002889e+01
   9.7573305133172610e+01
   9.7617567645665730e+01
   9.7675498195266400e+01
   9.7960690632597178e+01
   9.7830109902073531e+01
   9.7993850984622043e+01
   9.7961212778232394e+01
   9.7907537994752829e+01
   9.7901870971236789e+01
   9.8002696832310860e+01
   9.7854344222922961e+01
   9.8080550480003353e+01
   9.8367421987288054e+01
   9.8641389203686543e+01
   9.8931704987365450e+01
   9.9147519417495388e+01
   9.9602631683530163e+01
   1.0008369621206153e+02
   1.0061716030394408e+02
   1.0100128099416916e+02
   1.0154854226371175e+02
   1.0172309582267023e+02
   1.0238190428781573e+02
   1.0278013091658890e+02
   1.0298393310136605e+02
   1.0336443171758461e+02
   1.0340432496236167e+02
   1.0359627319461423e+02
   1.0365957051834033e+02
   1.0396920551277012e+02
   1.0414731176099541e+02
   1.0438712173318967e+02
   1.0491156117585942e+02
   1.0535650431869769e+02
   1.0553443093059593e+02
   1.0605767673099463e+02
   1.0628751308986037e+02
   1.0670198335802228e+02
   1.0709713502515879e+02
   1.0749066846186294e+02
   1.0781685296054305e+02
   1.0806154713341749e+02
   1.0835143902021026e+02
   1.0863754647593109e+02
   1.0896956617579387e+02
   1.0934651342569852e+02
   1.0964087773758243e+02
   1.1020821624185933e+02
   1.1063987577700019e+02
   1.1103626328824905e+02
   1.1116466403816051e+02
   1.1133125052821806e+02
   1.1126830066875175e+02
   1.1134637204091396e+02
   1.1130108782790244e+02
   1.1149548475145080e+02
   1.1158199825420554e+02
   1.1186016889517663e+02
   1.1208548480779736e+02
   1.1247302987086256e+02
   1.1296566868616689e+02
   1.1338894368815961e+02
   1.1380602913809824e+02
   1.1414150381771441e+02
   1.1432371701767084e+02
   1.1447585240382524e+02
   1.1460830377027506e+02
   1.1488584062579415e+02
   1.1494292946170809e+02
   1.1528350784350795e+02
   1.1540772007923175e+02
   1.1555308296836363e+02
   1.1571530628280263e+02
   1.1597260326014475e+02
   1.1628670434950766e+02
   1.1649927017619262e+02
   1.1651741504435863e+02
   1.1661401171523869e+02
   1.1667572928588720e+02
   1.1651195455792706e+02
   1.1652994526058677e+02
   1.1651593349085175e+02
   1.1665044435783133e+02
   1.1646817412190833e+02
   1.1657018968779154e+02
   1.1666242299303258e+02
   1.1666112425613879e+02
   1.1663225959987291e+02
   1.1662363704951588e+02
   1.1682198701464436e+02
   1.1677263816965639e+02
   1.1684396768364570e+02
   1.1683669110000311e+02
   1.1694711015303952e+02
   1.1688448886746694e+02
   1.1694005664660335e+02
   1.1695668080175290e+02
   1.1689582426195224e+02
   1.1702136361300954e+02
   1.1703897330286598e+02
   1.1709976265325513e+02
   1.1719943226971880e+02
   1.1716169365223020e+02
   1.1724771102223279e+02
   1.1725518891578754e+02
   1.1711917558006230e+02
   1.1707442848769703e+02
   1.1714702394070031e+02
   1.1719325781936803e+02
   1.1733445885989181e+02
   1.1756266864765595e+02
   1.1777588051328480e+02
   1.1807066243121594e+02
   1.1805579509159556e+02
   1.1791609205646682e+02
   1.1754012966925031e+02
   1.1752159692833082e+02
   1.1750654619780688e+02
   1.1757936360340157e+02
   1.1742675128818675e+02
   1.1864017936875864e+02
   1.2120343314225379e+02
   1.2437795506702692e+02
   1.2769622215633116e+02
   1.2995635708719374e+02
   1.3024900501183660e+02
   1.2692371321739149e+02
   1.1855186780957705e+02
   1.0674018072737420e+02
   9.2896109557270492e+01
   7.9558658416218904e+01
   6.6805533904741040e+01
   5.6271792780820704e+01
   4.2021909108550211e+01
   3.4870301924918913e+01
   2.8240198021234388e+01
   2.2991150396027045e+01
   1.8727564745475394e+01
   1.5387937827006862e+01
   1.2745370479088461e+01
   1.1280634958765791e+01
   1.0053731499301318e+01
   9.4732728004264892e+00
   1.1525095865077203e+01
   1.2385631129745516e+01
   1.4379061688100217e+01
   1.9010809623185406e+01
   2.5709214329367299e+01
   3.3127451974833015e+01
   4.5543184110273486e+01
   5.2212012801604956e+01
   5.9062561496786074e+01
   6.6249428899256415e+01
   7.2455523674645164e+01
   7.8076195116253970e+01
   8.4058060876379045e+01
   8.8880665097836143e+01
   8.9295123532920115e+01
   8.7314397052855739e+01
   8.4859732235557743e+01
   8.4849344600758329e+01
   8.5537605516134079e+01
   8.5939882336198792e+01
   8.5634217196884123e+01
   8.5329984388971639e+01
   8.5312875755598242e+01
   8.5031996474863789e+01
   8.5487196163358433e+01
   8.5987893846243537e+01
   8.6650485935867749e+01
   8.7266494452929706e+01
   8.7614429360258768e+01
   8.7812472740134680e+01
   8.7954497733035353e+01
   8.8144330493448876e+01
   8.8373877126131546e+01
   8.8363253476719976e+01
   8.8540771596599754e+01
   8.8293704954774270e+01
   8.8019464143846292e+01
   8.7726372103726931e+01
   8.7456019545847241e+01
   8.7138008689760369e+01
   8.6860187952400054e+01
   8.6478553409120778e+01
   8.6071796238105478e+01
   8.5727211347495498e+01
   8.5487446327948192e+01
   8.4886525752977292e+01
   8.4861219060912859e+01
   8.4701497651687220e+01
   8.4599578402597444e+01
   8.4518325022213531e+01
   8.4556202171528909e+01
   8.4519271045111239e+01
   8.4665243793599913e+01
   8.4523229855430003e+01
   8.4812778311033753e+01
   8.4584239419322103e+01
   8.4655319622132751e+01
   8.4581485242396596e+01
   8.4377505646848604e+01
   8.4291806865896334e+01
   8.4152480885713530e+01
   8.4001319463882908e+01
   8.3692751034685685e+01
   8.3360072978548857e+01
   8.3328223090393195e+01
   8.3023225246126202e+01
   8.3114925197292038e+01
   8.2768848780767456e+01
   8.3051868817000567e+01
   8.2817130883279319e+01
   8.2872978008110223e+01
   8.2811320903435814e+01
   8.3113332979363321e+01
   8.2973037949101553e+01
   8.3323083194551813e+01
   8.3298404678562179e+01
   8.3500374316319650e+01
   8.3710036842609810e+01
   8.3940294102303980e+01
   8.4031497007333769e+01
   8.4528532734822718e+01
   8.4790951692938165e+01
   8.5173265669246518e+01
   8.5433352506342189e+01
   8.5394566254181939e+01
   8.5921151222043861e+01
   8.6162154875434112e+01
   8.6294550303451530e+01
   8.6620903448816946e+01
   8.7106482882892337e+01
   8.7179958904063369e+01
   8.7663237670213334e+01
   8.7906635594161870e+01
   8.8228259041909837e+01
   8.8663303162980498e+01
   8.9169562748273975e+01
   8.9438759360760116e+01
   8.9729293074478718e+01
   9.0126811732349609e+01
   9.0585223944598553e+01
   9.1026663697921066e+01
   9.1074858998568544e+01
   9.1312651770950453e+01
   9.1760363664488040e+01
   9.2193101248634534e+01
   9.2245774516272306e+01
   9.2871261518673847e+01
   9.3278538120770236e+01
   9.3712293368487721e+01
   9.4013041270772035e+01
   9.4388707190707223e+01
   9.4776176343776726e+01
   9.5072336450178497e+01
   9.5697095328271871e+01
   9.5872626431744933e+01
   9.6182101828140816e+01
   9.6650996712231091e+01
   9.7144159783146378e+01
   9.7384876748071790e+01
   9.7728726244312867e+01
   9.8153491769262388e+01
   9.8688110115861463e+01
   9.8991874470690817e+01
   9.9455167047999737e+01
   9.9824531895297483e+01
   1.0023780900972909e+02
   1.0037467565994278e+02
   1.0068926371026211e+02
   1.0089235554858047e+02
   1.0110951340094407e+02
   1.0129249377549252e+02
   1.0161840842274502e+02
   1.0178061467602733e+02
   1.0203066452097789e+02
   1.0230371251020880e+02
   1.0253393289368690e+02
   1.0283833192854844e+02
   1.0319325383663006e+02
   1.0359250662286773e+02
   1.0387946903198058e+02
   1.0390957060015678e+02
   1.0407649545931899e+02
   1.0427713379190141e+02
   1.0440439469050875e+02
   1.0458574293866772e+02
   1.0486202139729301e+02
   1.0531264676860383e+02
   1.0560555014551532e+02
   1.0590672782670804e+02
   1.0627596295084622e+02
   1.0666296224007853e+02
   1.0711066048990010e+02
   1.0760508014226134e+02
   1.0819963275721025e+02
   1.0888861024608902e+02
   1.0943212584683808e+02
   1.1085982161421941e+02
   1.1211200698371368e+02
   1.1437178561095455e+02
   1.1634227891068815e+02
   1.1852194612605530e+02
   1.2049271326822937e+02
   1.2131467195718922e+02
   1.2156497997377025e+02
   1.2121586561645064e+02
   1.2103510020491171e+02
   1.2076837112958836e+02
   1.2079184146344710e+02
   1.2030643098447281e+02
   1.2007205268262003e+02
   1.1994492077597745e+02
   1.1981121879264842e+02
   1.1974169854801970e+02
   1.1982523917804528e+02
   1.1986773753265311e+02
   1.1987564120761286e+02
   1.1991907085523620e+02
   1.1981206260987179e+02
   1.1974131098332121e+02
   1.1965316076394105e+02
   1.1954424572667280e+02
   1.1952038833573184e+02
   1.1941095290096179e+02
   1.1945203427385758e+02
   1.1941907029672008e+02
   1.1941994124261772e+02
   1.1955405169739305e+02
   1.1955175619492140e+02
   1.1966862259175304e+02
   1.1980138939146838e+02
   1.1969424875782518e+02
   1.1976560852874763e+02
   1.1971594499097053e+02
   1.1968631691555235e+02
   1.1967765956308834e+02
   1.1911197603750935e+02
   1.1964337406708792e+02
   1.1966607374153547e+02
   1.1902277807124194e+02
   1.1960675957845096e+02
   1.1953661601559362e+02
   1.1900981228111687e+02
   1.1956918247821551e+02
   1.1953920535041019e+02
   1.1895581041777405e+02
   1.1943959801176374e+02
   1.1964356426741762e+02
   1.1939091766792045e+02
   1.2008896173586091e+02
   1.2039725876899573e+02
   1.2037663185186213e+02
   1.2028390202555096e+02
   1.2031753700711147e+02
   1.2030617123106005e+02
   1.2030022416642984e+02
   1.2043014117478121e+02
   1.2043934553985649e+02
   1.2043414178300880e+02
   1.2040450222111026e+02
   1.2040877013840019e+02
   1.2036095627427586e+02
   1.2027922417343351e+02
   1.2032388044301281e+02
   1.2030326257001907e+02
   1.2029978622912002e+02
   1.2031100815809410e+02
   1.2040154353917315e+02
   1.2065333544173831e+02
   1.2077293058618703e+02
   1.2080129669405268e+02
   1.2072564364459919e+02
   1.2048949450212793e+02
   1.2028852521506514e+02
   1.2026264866749699e+02
   1.2027301471517282e+02
   1.2017259015950306e+02
   1.2089753641406658e+02
   1.2230094477194690e+02
   1.2421682124461765e+02
   1.2630376328637448e+02
   1.2799975914176960e+02
   1.2835864983239765e+02
   1.2683668007763207e+02
   1.2311951767162029e+02
   1.1642699623083931e+02
   1.0687378727464124e+02
   9.4804650185103426e+01
   8.2131233205823690e+01
   6.9871031211062117e+01
   5.9416334514748932e+01
   5.1469551462923882e+01
   3.9641013629044693e+01
   3.4356073689815958e+01
   2.9860876035733213e+01
   2.5999951213484486e+01
   2.2993057646091657e+01
   2.1062763617435859e+01
   1.9954273607747673e+01
   1.9552388399744885e+01
   2.0156917261720693e+01
   2.1666756020924723e+01
   2.4288866843342579e+01
   2.8868927417352115e+01
   4.1324728000402160e+01
   4.6629044283511419e+01
   5.2775272871762624e+01
   5.9111762967973604e+01
   6.4996246878926243e+01
   7.1171135521838025e+01
   7.6941484285917696e+01
   8.1657742440538172e+01
   8.5408686758196978e+01
   8.7207562891452056e+01
   8.8542977592893507e+01
   8.8169228059524343e+01
   8.6277814889440151e+01
   8.5739349553461082e+01
   8.5772287767948100e+01
   8.5675905348460077e+01
   8.5475717744117517e+01
   8.5023522623055214e+01
   8.4604582141873763e+01
   8.4749043214712046e+01
   8.4746373651732597e+01
   8.5187797219934907e+01
   8.5419709763550358e+01
   8.5866351987195543e+01
   8.6171607998747774e+01
   8.6246410802648384e+01
   8.6621665577459140e+01
   8.6126649872982895e+01
   8.6705901787453442e+01
   8.6446245867885878e+01
   8.6676869825496254e+01
   8.6736561538078234e+01
   8.6872373104575715e+01
   8.6413185260944232e+01
   8.6726105834643832e+01
   8.6459423597065225e+01
   8.6301510403006375e+01
   8.6381690720014248e+01
   8.6086797928482085e+01
   8.6438206616739620e+01
   8.6165770678535637e+01
   8.6238346360675251e+01
   8.6263996374354818e+01
   8.6309159300086122e+01
   8.6509701727162948e+01
   8.6334327715778329e+01
   8.6696140298184645e+01
   8.6477328275372116e+01
   8.6638029636818445e+01
   8.7006804795098958e+01
   8.6835143173909856e+01
   8.7063772401004400e+01
   8.7231365254712856e+01
   8.7260052290750025e+01
   8.7463555075521512e+01
   8.7475642488703457e+01
   8.7657595346653309e+01
   8.7794868760781839e+01
   8.7907175127263713e+01
   8.8397075840442227e+01
   8.8430315877187184e+01
   8.8676673150015048e+01
   8.9303232388797454e+01
   8.9253539966811203e+01
   8.9627218245165366e+01
   8.9719604452758020e+01
   8.9908277628235822e+01
   9.0242868101755221e+01
   9.0677570467368483e+01
   9.0808524241957201e+01
   9.1050726045865005e+01
   9.1067072039880230e+01
   9.1299195636484697e+01
   9.1627238450807198e+01
   9.1826689350210003e+01
   9.2098384107653374e+01
   9.2469526677625353e+01
   9.2412136551745732e+01
   9.2646703243567686e+01
   9.2798535152719907e+01
   9.3130722373482300e+01
   9.3434088574281418e+01
   9.3834484438223384e+01
   9.4208843075578201e+01
   9.4615157093512025e+01
   9.5060183213937577e+01
   9.5409112028641005e+01
   9.5830846505267814e+01
   9.6000145611706444e+01
   9.6337548914620868e+01
   9.6552493157152909e+01
   9.7063545861340657e+01
   9.7322227712594469e+01
   9.7567190372804191e+01
   9.7893654037873816e+01
   9.8148237933832746e+01
   9.8411349588156483e+01
   9.8648207762743880e+01
   9.8658540610128597e+01
   9.8862987785072519e+01
   9.9103702658450644e+01
   9.9112502294640549e+01
   9.9372563237887491e+01
   9.9493239861368039e+01
   9.9406795029661396e+01
   9.9679851076228047e+01
   9.9976223413543011e+01
   1.0032028239100887e+02
   1.0058962904190503e+02
   1.0060485370511630e+02
   1.0060808973005118e+02
   1.0053348601121785e+02
   1.0067238633922699e+02
   1.0100930151734687e+02
   1.0126940069138426e+02
   1.0160787379963219e+02
