   5.2533676588210753e+01
   7.0033235885941124e+01
   8.5933985024349681e+01
   8.9920831934534959e+01
   9.3520195721721961e+01
   8.9952298333211161e+01
   8.6166945539174932e+01
   7.4859226812573752e+01
   6.7398203701378364e+01
   6.4150660537843351e+01
   6.6907616912809971e+01
   7.3660676726073859e+01
   6.9925869399339845e+01
   6.3551408591208428e+01
   6.0673543137864172e+01
   6.4073797571376588e+01
   6.0805047713888783e+01
   6.6121189356143233e+01
   6.1519759987856609e+01
   6.4056390827186959e+01
   5.0707220280719653e+01
   6.3823079148659325e+01
   5.1880903967145279e+01
   5.1756609434329519e+01
   5.5547859326378159e+01
   6.1984906927063236e+01
   5.6915470359256396e+01
   5.7703907015891801e+01
   5.7694807858527426e+01
   5.8207050769928145e+01
   5.8651216648352467e+01
   5.7846425271449633e+01
   5.8584487868560188e+01
   6.2959551602659609e+01
   5.3857213190807030e+01
   7.0992999360112123e+01
   5.1480422442529743e+01
   6.4314948179595518e+01
   5.6971359767510648e+01
   5.4094483107439274e+01
   5.0943045409356323e+01
   6.4474616064663394e+01
   4.9123461773219951e+01
   6.2408353256556644e+01
   6.0894698019001339e+01
   5.1257987248038852e+01
   5.3230676190857587e+01
   6.6071346351228087e+01
   5.3475417131753431e+01
   5.4857401121157508e+01
   6.5248682647604980e+01
   5.4506960706678342e+01
   5.3023218439991986e+01
   5.8359798132904231e+01
   5.6158128707415621e+01
   5.4069867914869093e+01
   5.3393479252899454e+01
   5.6433607876393189e+01
   5.2338038639508582e+01
   6.1726997686804893e+01
   6.4374067388415796e+01
   6.4480271727939453e+01
   7.9580741264312209e+01
   7.5237470257514417e+01
   7.2775559015899120e+01
   7.8911283830088351e+01
   8.2924317161974116e+01
   7.7759888017200893e+01
   9.5112625923266336e+01
   9.4586776837422619e+01
   9.7084281972886430e+01
   9.7182474555883957e+01
   9.6262938754004111e+01
   8.3962265572030219e+01
   7.5123933054273010e+01
   7.1445711116646649e+01
   6.6420043619307322e+01
   6.4044453985681528e+01
   5.4182067316576834e+01
   4.7924656247573076e+01
   4.9087833263535259e+01
   4.8985160912805178e+01
   4.9853096319632783e+01
   5.3324991859833943e+01
   6.1954403776181607e+01
   5.8876311113204061e+01
   6.3818477715615586e+01
   6.3729420967018505e+01
   6.5759885811822258e+01
   5.8080067524872611e+01
   5.6941182628749871e+01
   6.2830357102225854e+01
   5.3723863515984561e+01
   5.5360480220766476e+01
   6.2481242530367609e+01
   5.0346061271454957e+01
   5.2487987431211280e+01
   5.5581223358906328e+01
   5.2707044236929370e+01
   4.9798778891240474e+01
   4.7456893323266442e+01
   4.7744981877234146e+01
   4.2785751420014172e+01
   4.9874394519057816e+01
   4.7673435148676937e+01
   4.3253810682138855e+01
   4.8613576261126454e+01
   4.0458244162402195e+01
   4.1869597803663758e+01
   4.0096574238953664e+01
   4.2476854213100637e+01
   3.5381550628321364e+01
   3.9790881486129990e+01
   3.9786863759168270e+01
   3.8610714281641734e+01
   4.5700372638108576e+01
   3.9097421851754412e+01
   4.1811086212818367e+01
   4.2389375279946002e+01
   4.8520613518372883e+01
   4.3392094650145090e+01
   4.2026591827975480e+01
   4.6959195472406165e+01
   4.4810251987172023e+01
   4.4239728902078042e+01
   4.9003144460891960e+01
   4.4723716192443888e+01
   4.6825132002112035e+01
   4.6229869427031680e+01
   4.9816287558523655e+01
   4.8513160447079606e+01
   5.2870978808816332e+01
   5.2915100261213922e+01
   4.2109481151531504e+01
   5.2822732255960609e+01
   4.1522053436005187e+01
   4.4236979546151787e+01
   4.2755352668838036e+01
   4.5559641176020016e+01
   5.4180369831546109e+01
   5.1159367835561277e+01
   4.0848026350911120e+01
   4.4903191585065073e+01
   4.3624500787010234e+01
   5.1996406167264603e+01
   3.8689749257006234e+01
   3.9011972804592553e+01
   4.1041050514744867e+01
   4.3434300231891314e+01
   3.7249667399579465e+01
   4.3526386979694479e+01
   3.7284979441506685e+01
   3.7468272200374891e+01
   3.6103932582020782e+01
   3.7944278214377967e+01
   3.8078424466023016e+01
   3.8762030051393651e+01
   4.1528032017934343e+01
   4.2688115067802840e+01
   4.8933942600821091e+01
   5.6820541686423709e+01
   5.7522202079632756e+01
   5.9480484479565874e+01
   5.9924718235055558e+01
   6.2651199328005191e+01
   6.0607760653499980e+01
   6.1579974996504419e+01
   5.8757993459221268e+01
   5.8450351317010970e+01
   5.7879361381925428e+01
   5.3335085318712700e+01
   5.6112292934967265e+01
   5.8041619876140508e+01
   4.6740364313802509e+01
   4.2429168054678605e+01
   3.5826526416247788e+01
   3.1358954546403613e+01
   2.8550702637749236e+01
   2.6532458158004996e+01
   2.4836228731175854e+01
   4.5868667855356961e+01
   7.9657855806108572e+01
   1.0177813128020914e+02
   1.1304050260987991e+02
   1.1577689460491059e+02
   1.1601032811886586e+02
   1.1126816290002340e+02
   1.0089202004960049e+02
   9.2264924983360658e+01
   8.5660597568824031e+01
   8.6068464668518160e+01
   8.3763024182347664e+01
   8.7002068022961751e+01
   8.8592208629778952e+01
   8.8237363913845385e+01
   8.0739731414768130e+01
   6.3166160164583928e+01
   5.6425652806429028e+01
   5.5187294160943026e+01
   6.0816676065679616e+01
   5.7308068896772070e+01
   5.3885363170269287e+01
   5.0743650599534007e+01
   4.7240277545543570e+01
   4.4098279049742416e+01
   3.7638540923601795e+01
   3.4888331516414176e+01
   3.7786452588517605e+01
   3.7478621801548798e+01
   3.4936008064788574e+01
   3.6087455371901683e+01
   3.2714798321578940e+01
   3.2177054336663538e+01
   3.9466656967871771e+01
   6.3903874137238091e+01
   7.3972074203800702e+01
   5.9649469723435857e+01
   5.2046349760823162e+01
   5.3125050402122234e+01
   5.2715329426856407e+01
   5.6170164275191375e+01
   6.5799442579172450e+01
   5.6952304977323251e+01
   6.5594200174090304e+01
   6.7390355484714334e+01
   6.3251604886485012e+01
   5.3682676479361561e+01
   6.2022368907433020e+01
   5.8784959990524499e+01
   6.6616161200434362e+01
   6.4321995149487861e+01
   7.5692233081630320e+01
   7.6680643330056782e+01
   6.7906627093999901e+01
   6.8687616833566864e+01
   7.2342634123656893e+01
   5.8985749499115990e+01
   5.8954694894685311e+01
   6.6553340948833778e+01
   5.3670033237943272e+01
   5.8982505062774891e+01
   6.6543795605631416e+01
   5.3028443226778620e+01
   6.2103270586089394e+01
   5.6895648545496492e+01
   4.8434421685173376e+01
   6.0199785929818056e+01
   4.7628335859200980e+01
   6.6091959836177779e+01
   5.6520753164615350e+01
   6.0939723893268905e+01
   6.7929288045140169e+01
   5.6604253474362032e+01
   6.6005301435083396e+01
   6.1152210810237406e+01
   5.3789247806113387e+01
   6.3124408789239219e+01
   5.1546607618816402e+01
   6.6476915875380385e+01
   5.3967704858065687e+01
   5.6561359935172320e+01
   5.8775344021035195e+01
   5.7989095488995773e+01
   5.9390580977602049e+01
   5.7303412775409527e+01
   6.7153304480929620e+01
   6.5192315929010576e+01
   6.4376125663575792e+01
   6.6140376305953495e+01
   7.7531659985847341e+01
   6.7006162342701430e+01
   6.7235270828219228e+01
   7.1543593467456759e+01
   6.1470452387300867e+01
   5.8579808013776272e+01
   6.3663342335443978e+01
   6.1773341380272903e+01
   7.2541269526946195e+01
   6.6508705911425253e+01
   8.5264463860196699e+01
   8.5480339360874751e+01
   8.1769163182487162e+01
   8.6631949632319220e+01
   9.5874099416614513e+01
   8.7531734204668737e+01
   9.5542494327074436e+01
   9.7375204182613132e+01
   8.7864503655668358e+01
   7.9441635772453310e+01
   7.7130036053673834e+01
   7.3872405185782085e+01
   6.4356328978777498e+01
   6.3716054859102094e+01
   5.3010929788937176e+01
   5.3889633634188449e+01
   4.5313388721579472e+01
   4.8784827290819138e+01
   4.7648399828321011e+01
   5.5606825544217855e+01
   4.8694710685433947e+01
   6.2016856625619283e+01
   5.5307784555373793e+01
   6.1726199644783478e+01
   6.0996451719217070e+01
   5.2695396166884137e+01
   5.7185650541794104e+01
   5.4206018668527811e+01
   5.1467353233946262e+01
   5.4008970256780266e+01
   4.5830464409515322e+01
   5.7225524614101289e+01
   6.4943422713350202e+01
   5.2890516432654046e+01
   5.1094976040411382e+01
   4.3304921457753508e+01
   4.4111698929480852e+01
   4.2803587293656193e+01
   4.6892465629369759e+01
   3.9724595685873858e+01
   4.5402924874274866e+01
   4.8244988042948897e+01
   4.5840508603326853e+01
   4.5927872010272701e+01
   4.2981909616353384e+01
   3.8705420560998171e+01
   4.4656251973854097e+01
   3.6566217818791252e+01
   4.0509625947024837e+01
   4.6965904810884879e+01
   3.9847745592842315e+01
   3.7516375753635941e+01
   4.4833831774768527e+01
   5.2466441642906986e+01
   3.7405484755634781e+01
   4.0543227725827279e+01
   5.0351414145357190e+01
   4.2107971641634975e+01
   4.4918980794015880e+01
   4.3632589256178541e+01
   5.5405740017893947e+01
   4.1043031523928562e+01
   4.6301313320593302e+01
   5.7429790466229825e+01
   4.0896513169451026e+01
   5.4882795734435227e+01
   4.1636538147059611e+01
   5.4887697920124566e+01
   4.4046023529653446e+01
   4.0810587616091205e+01
   4.5928590182879560e+01
   4.7383930169170327e+01
   4.5273758946639624e+01
   4.9523232325880905e+01
   4.2979193824299948e+01
   5.5534222095116789e+01
   4.3190834638384317e+01
   5.5831618852089790e+01
   5.4596706567032854e+01
   5.1561790081359810e+01
   4.8511097109333505e+01
   4.9188373113715357e+01
   4.0447896119085193e+01
   5.5725977735554721e+01
   4.7122519835088369e+01
   4.4117929517048758e+01
   4.2939111999711422e+01
   4.1793732439043815e+01
   4.9726754964999657e+01
   4.6251283176798054e+01
   4.6882079195517221e+01
   4.4105676794339438e+01
   4.6320369717471138e+01
   4.0504651240578674e+01
   4.5497317621901018e+01
   4.5077954678300550e+01
   4.1178561686510392e+01
   3.9772178726495632e+01
   3.9581687388993849e+01
   4.3617889338569114e+01
   4.1939382597405604e+01
   3.8269350184264738e+01
   4.4508625245952722e+01
   3.9919051550113359e+01
   4.1944623298846942e+01
   3.7792235107207659e+01
   3.7375078981701357e+01
   3.8386322191056045e+01
   4.2436809402501346e+01
   4.1418540885427007e+01
   3.8729171267941886e+01
   3.9591341693982677e+01
   3.7467295280590257e+01
   4.1391921084742158e+01
   3.4833488046793143e+01
   4.4810739598793120e+01
   3.7558312297286065e+01
   4.4529774446266572e+01
   3.5137544685489672e+01
   5.1865379155821913e+01
   4.0688055877877446e+01
   4.3321161085853731e+01
   4.0773729233459065e+01
   4.6124529202320943e+01
   4.2485274716017919e+01
   4.0811153375993555e+01
   4.6018805699231443e+01
   4.8269868250304697e+01
   5.1311239258884605e+01
   5.5118763000674939e+01
   5.1531070311001017e+01
   5.4605156669743891e+01
   5.2080516058127117e+01
   5.3592423925599334e+01
   5.2375660958318207e+01
   5.5707293564291902e+01
   5.1032080982390205e+01
   4.6042349665762529e+01
   5.0630265894109321e+01
   4.6438875317271815e+01
   4.6055697479755793e+01
   4.0461789144605078e+01
   3.6855850945349715e+01
   3.1814865238652796e+01
   2.9733824214079558e+01
   3.0968745130837483e+01
   5.0132320582214405e+01
   7.7421367296393186e+01
   9.4078222549508368e+01
   1.0576988913318266e+02
   1.1056523674441375e+02
   1.1099817374682651e+02
   1.1223216000295085e+02
   1.0593696127383046e+02
   9.8697438371469019e+01
   9.2205682514778232e+01
   8.7043616020355330e+01
   8.2985193760942977e+01
   7.9205778615009208e+01
   7.8404710133157991e+01
   7.5559796906547518e+01
   7.3900616440567148e+01
   7.4699963517227403e+01
   7.9522924481878292e+01
   7.5808619568055676e+01
   7.4198548913729539e+01
   7.6987748777301917e+01
   6.7669992496935592e+01
   7.3459903500550524e+01
   6.1973839729248702e+01
   5.0894682074706822e+01
   4.3227963355700560e+01
   3.9309044505831771e+01
   3.5904214235088098e+01
   3.3108223618228251e+01
   3.6961626898560830e+01
   3.6377527309439024e+01
   3.5365584209610127e+01
   3.0495443018744091e+01
   2.9273340773582756e+01
   2.9050489446384979e+01
   2.8696895351796229e+01
   2.9265564395637647e+01
   2.8530276325354848e+01
   3.1582369819526111e+01
   3.3181504932505355e+01
   6.8995487011020884e+01
   6.2819063343034252e+01
   5.3082977479761531e+01
   5.6241945485385017e+01
   4.9075121892145567e+01
   5.3358372629718858e+01
   5.9405734218598162e+01
   7.0066249107951649e+01
   7.7222209431198891e+01
   8.3069948537522023e+01
   7.0836709316342862e+01
   6.9912057023782467e+01
   6.1251693160737304e+01
   6.6650831706588846e+01
   6.5619260108159395e+01
   6.2943423149805355e+01
   6.3655503276455789e+01
   6.4226703892595822e+01
   5.8686196626703982e+01
   5.9837218539574039e+01
   5.7942897179124472e+01
   5.5843287966575858e+01
   5.5442364126580038e+01
   7.1116114180132712e+01
   5.6551333178164306e+01
   6.9920466367300889e+01
   6.2162400076743857e+01
   6.2083221420171711e+01
   6.9569649932295391e+01
   7.9397486481962147e+01
   7.2341764589491888e+01
   7.5673208142686107e+01
   6.7586212123789736e+01
   7.8988862211977064e+01
   6.2549237455957936e+01
   6.6990527797946413e+01
   6.5622495556317176e+01
   6.7769945949239599e+01
   7.0433426632674212e+01
   7.6674479998215105e+01
   7.7213363941215533e+01
   7.8674054067962132e+01
   8.4694882278103023e+01
   7.6925073783766337e+01
   7.3703143283334612e+01
   6.7633515040470257e+01
   5.6215995220679204e+01
   5.8178026640613680e+01
   4.8843889949426227e+01
   5.1014974594919273e+01
   5.1136829404598537e+01
   5.0448385817705514e+01
   5.4363162676303688e+01
   5.4284614161354270e+01
   5.0864106214576644e+01
   5.2391159426672672e+01
   4.9369277645597705e+01
   5.1842670015445087e+01
   4.9548926195584421e+01
   5.4650643595197963e+01
   5.2205458488145190e+01
   5.8505763734312666e+01
   4.9206667763509508e+01
   6.1185861661173981e+01
   5.5202425304381059e+01
   5.3600064919617182e+01
   5.1079178430024349e+01
   4.9074673380699373e+01
   5.1820941029295476e+01
   5.4649778637674878e+01
   5.5790168813575356e+01
   6.4074853453015280e+01
   5.3855070918486369e+01
   6.7883205884766184e+01
   5.0215904252675372e+01
   5.5380788395587444e+01
   4.7122620932832525e+01
   6.4491348273637783e+01
   6.4453735355171105e+01
   5.1275187440518920e+01
   5.1504491116499139e+01
   5.5831287831627684e+01
   5.2846372431916187e+01
   5.2294366161844977e+01
   4.3754050344860126e+01
   4.9583132164899254e+01
   4.9030409107312011e+01
   4.8058999835832438e+01
   4.5790854322797308e+01
   4.4888037712185280e+01
   4.4496769629611400e+01
   4.3414757988744931e+01
   4.4040844393100357e+01
   4.0927298993081209e+01
   3.9725072831603896e+01
   3.7848429999103729e+01
   4.0729218509809577e+01
   4.1155109047708763e+01
   4.2237709596818007e+01
   4.1080940054260253e+01
   4.1041849713607007e+01
   3.8219413858436155e+01
   4.4246460644105099e+01
   4.0392592642440484e+01
   4.0718625580562652e+01
   4.0897781997453656e+01
   3.7565405581514419e+01
   4.0064353551851077e+01
   4.2454089671795799e+01
   4.3818841616212488e+01
   4.4060553045543848e+01
   4.2532443961832655e+01
   4.3819691208509134e+01
   4.7018076667737759e+01
   4.1928068435086566e+01
   4.0388745206018065e+01
   4.1911230324790388e+01
   3.9640758698927108e+01
   3.9458991420737782e+01
   4.2580998856667179e+01
   3.8878279138118778e+01
   4.2569681216209744e+01
   4.1187513023089465e+01
   4.4924245989014494e+01
   4.3539020930528721e+01
   4.0065683638384598e+01
   3.9906832920954116e+01
   3.8294301663293560e+01
   3.8407068622397091e+01
   4.0063558451468261e+01
   3.6774083958033245e+01
   4.1306088432007634e+01
   3.8836260480817380e+01
   4.1272580473060984e+01
   4.1040753975986163e+01
   4.4760952410064967e+01
   4.3696640405223768e+01
   5.0588068441537182e+01
   4.6194113028193975e+01
   4.0095128691526966e+01
   4.1790965476840071e+01
   4.3414644813970170e+01
   4.2827070117151884e+01
   4.9489168136794326e+01
   4.2537790085127789e+01
   4.7796496966952780e+01
   4.0884503562296118e+01
   4.9483641166987091e+01
   4.4077306706821240e+01
   4.3385315985314037e+01
   4.3565102849183567e+01
   5.0323696734625429e+01
   4.3564740409781898e+01
   4.4343375621100286e+01
   4.4337361270678883e+01
   4.9902249602325298e+01
   4.5051096394270743e+01
   4.1429815479849111e+01
   4.2277793036768330e+01
   4.4567115278904652e+01
   4.1948772773385798e+01
   4.4182072632802075e+01
   4.5947680751960348e+01
   4.6071365471720362e+01
   4.3094757968847809e+01
   4.6514935136010415e+01
   4.6871591121302323e+01
   4.3118687117614584e+01
   5.2788918679468743e+01
   4.4075822617402871e+01
   4.3070983081516985e+01
   4.5687123167940371e+01
   4.4161285255572366e+01
   4.5809386239454646e+01
   4.1771596792479720e+01
   5.3279308869886066e+01
   4.7593951841511078e+01
   4.4484372836139904e+01
   4.3898503976549783e+01
   4.6801917530146227e+01
   5.3436716921418729e+01
   4.3151156602601795e+01
   4.5121465104245729e+01
   4.5618849773303850e+01
   4.6297724280223250e+01
   4.3162228031759163e+01
   4.5359360358089127e+01
   5.0606186952021389e+01
   5.3094262914248297e+01
   5.0263359228932636e+01
   4.4493824656616475e+01
   4.4752481495499403e+01
   4.1712584851149025e+01
   4.7312533813083881e+01
   4.6841997193921799e+01
   4.3400994579108399e+01
   3.9398553354771394e+01
   3.7175077042936117e+01
   3.7236348770153654e+01
   3.6107427877540843e+01
   3.7726567582037269e+01
   6.0564159846204696e+01
   8.2100687746469674e+01
   1.0112261229203668e+02
   1.1215267512847012e+02
   1.1582491414357833e+02
   1.1496900893014731e+02
   1.1364730292636865e+02
   1.0428365036259945e+02
   9.7774640530118162e+01
   9.0708302854606671e+01
   8.5571347215139014e+01
   8.0199366564954389e+01
   7.8982434184568916e+01
   7.7539198798139509e+01
   7.7087140660845819e+01
   7.6630179081549571e+01
   7.5796434434634321e+01
   7.4157032229646163e+01
   7.0943794287293329e+01
   6.6272952037693301e+01
   5.5066181588925204e+01
   4.8326225743158119e+01
   4.5275061410013706e+01
   4.0029497183320750e+01
   3.8158644472835221e+01
   3.2566573425379588e+01
   3.1923243973817804e+01
   2.8635799801153741e+01
   2.4428284803605642e+01
   2.5325032788914847e+01
   2.6087737158133056e+01
   3.2063752771878718e+01
   3.7495716750517268e+01
   6.6668150413299230e+01
   4.6449141221240325e+01
   5.7613306751551569e+01
   7.2609604086923909e+01
   5.4596183634985330e+01
   5.8819996508365165e+01
   5.8104568896356128e+01
   7.5033786046488828e+01
   6.5583820912744272e+01
   6.0796931159779220e+01
   6.4763583597701654e+01
   5.0504271753088602e+01
   5.5252682681938857e+01
   5.4844830023049177e+01
   5.4363429114914304e+01
   5.2639379759627928e+01
   5.2395572921367972e+01
   5.5697668923222793e+01
   5.4427197105196996e+01
   5.8955128645675245e+01
   5.4977367783678325e+01
   7.0972638450283966e+01
   6.2571593098132084e+01
   6.0462912009846619e+01
   6.6477138212336982e+01
   6.2625468184238883e+01
   6.3114627457244836e+01
   6.0028718494065899e+01
   6.2343672811534859e+01
   5.3853660457689365e+01
   5.2094817936225866e+01
   5.3022711559553301e+01
   4.7406899577750664e+01
   5.3610327163772226e+01
   6.5864406153290062e+01
   5.6742459321164006e+01
   5.7149571094781763e+01
   5.9446018783499738e+01
   7.5693175244780733e+01
   6.0711265839564774e+01
   6.0191267923030892e+01
   7.1610063850568650e+01
   6.1297533750051883e+01
   7.0657497670832228e+01
   5.7146124904432213e+01
   7.3113889447954676e+01
   6.5651711720574895e+01
   6.6735832018160579e+01
   8.0275048002713987e+01
   8.4427356370396012e+01
   7.2455379239209279e+01
   9.0608690519472248e+01
   7.1637989796529183e+01
   8.0583578393932555e+01
   7.9985625319374691e+01
   7.0007438864311510e+01
   7.4388874318213965e+01
   6.4911936414696157e+01
   6.3254081079463525e+01
   5.5921173259678042e+01
   5.0284908567041619e+01
   4.3832998155720787e+01
   4.0919106590879380e+01
   4.6691272578572644e+01
   4.5000390746266874e+01
   4.8959888994360391e+01
   5.2136852460993751e+01
   5.1330763689531032e+01
   5.2669853311220677e+01
   5.4701889805469513e+01
   5.5578117053374541e+01
   5.4777599029863524e+01
   5.0981055358456729e+01
   4.7121096759180233e+01
   4.5404203828024286e+01
   5.1133524080859672e+01
   4.6004480252955204e+01
   6.1866583888354455e+01
   5.3879369298604750e+01
   5.0798181019357422e+01
   4.8796207037914165e+01
   4.6594068688440963e+01
   5.1478503403902586e+01
   4.6503928800987794e+01
   4.7239161038747355e+01
   4.9698947544008107e+01
   4.1527176836365669e+01
   4.4441911181443707e+01
   4.1784754702060717e+01
   4.4883721689589805e+01
   4.3856178207065724e+01
   4.3460724810678805e+01
   4.2700786729778471e+01
   4.1074355203743366e+01
   4.0770169014279112e+01
   3.9627619406253196e+01
   3.8218938463792888e+01
   3.5612318475851666e+01
   3.7019391404157929e+01
   3.8762721748411344e+01
   3.5696137344204097e+01
   4.3998553001122787e+01
   4.1716285497004485e+01
   3.8415285881449364e+01
   3.9585469788729483e+01
   3.8316608988420484e+01
   3.8228704924270367e+01
   4.3543863204427922e+01
   3.6119600952204756e+01
   3.9701714167071337e+01
   3.8589423775424315e+01
   4.6557763651835387e+01
   3.7031160898193868e+01
   4.2960595993506502e+01
   4.4261483152032021e+01
   4.7501847663614392e+01
   4.5546140796662677e+01
   4.2563666329766136e+01
   5.1204695388161284e+01
   4.2871199945504223e+01
   4.7607518275537849e+01
   3.9769208063762349e+01
   5.6669206666411888e+01
   4.3526854796676076e+01
   4.2485770325051227e+01
   4.5693061834393561e+01
   5.6729534118679155e+01
   4.3406520118453990e+01
   5.4878239280363303e+01
   5.2419425025553053e+01
   5.7200817702261631e+01
   3.7345736551268999e+01
   6.2519042182033367e+01
   3.8961385552065060e+01
   5.4260005051541079e+01
   4.4405846173324946e+01
   4.0848214246522602e+01
   4.6804975970769817e+01
   4.0322460389316824e+01
   5.3262001495846789e+01
   4.3401412459656783e+01
   4.3221293140257714e+01
   4.1822312376141603e+01
   4.0101399003775832e+01
   4.3285801093008104e+01
   3.8669938560708083e+01
   4.2875244361872838e+01
   3.6835865013472208e+01
   4.2723707153887482e+01
   3.5890601865041582e+01
   4.0066310826824171e+01
   3.9174704906351046e+01
   4.0890247563822442e+01
   5.3654792489568578e+01
   3.7539198791578620e+01
   3.7879944074507414e+01
   3.8642975786805629e+01
   4.4284616170766718e+01
   3.9333492398856684e+01
   3.8549191611611434e+01
   3.9334246900215334e+01
   4.2738608161530429e+01
   4.1409910300901402e+01
   4.0863412688288207e+01
   4.4839797399413158e+01
   5.3213025606595863e+01
   4.2851218574357382e+01
   5.3477590559599378e+01
   4.1873131299972556e+01
   4.7596214199797117e+01
   4.5311513496950049e+01
   4.4984247563908013e+01
   4.4741864926633752e+01
   5.1781371986233637e+01
   5.2311971905095852e+01
   4.4605843036102669e+01
   5.3365331686195020e+01
   5.6557396091625776e+01
   4.7097509316199073e+01
   5.5658952801074399e+01
   5.7435473377795077e+01
   5.4520048969973018e+01
   5.7271933551451127e+01
   6.0358481574386424e+01
   5.4699427604039720e+01
   6.0806712812711233e+01
   5.2689205154073818e+01
   5.2834749542374190e+01
   4.6527926510220439e+01
   3.7407144643329737e+01
   3.4182106271205178e+01
   3.0812485803394075e+01
   2.9722215779555945e+01
   5.5491125768404622e+01
   8.4890487444674164e+01
   1.0586742325679216e+02
   1.1401719989426962e+02
   1.1472750559418161e+02
   1.1422570344757145e+02
   1.0940986520915531e+02
   9.9068488185469306e+01
   9.2965701014485589e+01
   8.7179610958236267e+01
   8.5746945126706009e+01
   8.4919835528899213e+01
   8.2114308233265959e+01
   7.9063745979472102e+01
   7.3982148501202872e+01
   7.0537121971914175e+01
   7.1173762660177545e+01
   6.7653508656516763e+01
   7.1451137584869628e+01
   7.2981149188412772e+01
   7.1566514217245611e+01
   7.1135051087980131e+01
   7.0027805741020046e+01
   5.4501922724355033e+01
   4.6601720535385972e+01
   4.2088245541212579e+01
   4.0595693713677214e+01
   3.8961673479252504e+01
   3.7633028442432234e+01
   3.1709854780178986e+01
   2.7011455309815091e+01
   2.9449314626141184e+01
   3.0340399271243140e+01
   3.1955975253911728e+01
   3.1468717939308476e+01
   2.9419876726514470e+01
   3.0508887715224262e+01
   3.1924162519800923e+01
   5.8791502794089801e+01
   6.6815233189708096e+01
   7.0560893125756039e+01
   6.8730660102916801e+01
   5.5458619333167832e+01
   4.6437097114892069e+01
   4.5842156130017905e+01
   4.5623033694792788e+01
   5.0307611219595572e+01
   6.0975393579432506e+01
   5.3087837296224428e+01
   5.9066228995371546e+01
   5.8944515302987789e+01
   5.3549444579375454e+01
   4.4983123376550488e+01
   5.3855904411728950e+01
   5.6587829173942353e+01
   5.1828001698925952e+01
   5.2580115881349492e+01
   5.1701843932909121e+01
   5.4244750498040837e+01
   5.2934912108692259e+01
   4.8961727620434715e+01
   6.1259604516401673e+01
   5.0211955123246796e+01
   5.3224737569635394e+01
   5.2124764068468124e+01
   5.7259292352139774e+01
   5.3845965270115755e+01
   5.5810265693674204e+01
   6.5722190683120900e+01
   5.2281309904840768e+01
   5.4428528751110775e+01
   5.8636404326021008e+01
   5.1561882290294022e+01
   5.8540034490009873e+01
   5.3790179693742019e+01
   6.6003959891899200e+01
   5.1162403986891022e+01
   6.7124310469983385e+01
   5.2282264400534167e+01
   6.6266752552942393e+01
   5.2263253546239525e+01
   6.1101215581382235e+01
   5.0941937849661798e+01
   6.0452460185674354e+01
   4.8190314303196175e+01
   6.7830221928210349e+01
   5.8555566650489119e+01
   5.3873533504844232e+01
   6.0210679384305564e+01
   6.9914845389783039e+01
   5.7805380528032742e+01
   5.9924506588724320e+01
   5.6997274935558053e+01
   6.6134126673834260e+01
   5.2516868167918304e+01
   5.6212856385244045e+01
   5.7960409609392670e+01
   5.1281417158351914e+01
   5.5374438412781060e+01
   6.1280490490843945e+01
   5.8331429317452518e+01
   6.1842797956869362e+01
   6.1468234817320948e+01
   6.4084312906092904e+01
   6.5159714407768234e+01
   5.9981939294596792e+01
   6.4838684606483326e+01
   6.4871916692638592e+01
   6.5610739129414085e+01
   6.2618780093241938e+01
   6.1414082725702897e+01
   5.4923638466338915e+01
   4.9765645978409587e+01
   5.2768442549855806e+01
   5.0023309086286780e+01
   6.5632585936459364e+01
   5.2086897360007981e+01
   4.7339936944632946e+01
   4.7944834932618200e+01
   4.4673214495312656e+01
   4.2064832171313356e+01
   4.7654394720173961e+01
   4.6451575490300812e+01
   4.7574904550730878e+01
   4.7577612399406377e+01
   5.2171670976688219e+01
   4.7459835097739656e+01
   4.9893686617147104e+01
   4.4084784918580638e+01
   4.9989747598285035e+01
   5.0944303835606704e+01
   4.7758223430171029e+01
   4.8309363730862600e+01
   5.7174963000870406e+01
   4.8191627397248020e+01
   6.3473046043573810e+01
   5.9544527015880789e+01
   4.1297891960393635e+01
   4.8281449060550230e+01
   4.6738187238054429e+01
   4.3287446093778577e+01
   4.2982345151711321e+01
   4.3438084594506407e+01
   4.8829203611192455e+01
   4.1060016686072494e+01
   4.2713588220484915e+01
   4.0358254784789089e+01
   4.3706440624991259e+01
   4.1469543634734940e+01
   4.1019388174185558e+01
   3.9066384966509979e+01
   3.4564976363891212e+01
   3.6330026170656232e+01
   3.6160366684888530e+01
   3.3547682819047267e+01
   3.3328654115394180e+01
   3.7019107945223098e+01
   3.9128337019394145e+01
   3.7604520734341918e+01
   3.7478898177223975e+01
   4.9172938214625056e+01
   3.6693638142681444e+01
   3.6512732138842757e+01
   3.2061455539918718e+01
   3.4192225714381550e+01
   3.6276927693054908e+01
   3.5325629808297613e+01
   3.6276137140924973e+01
   3.7785568553040513e+01
   3.5482092988537367e+01
   4.1841329983490901e+01
   3.9264148982949315e+01
   3.4122317942407953e+01
   5.0952233511580808e+01
   3.7511744883710065e+01
   3.7911265494446027e+01
   4.3897828688507772e+01
   4.0959799032501508e+01
   6.4486081897668228e+01
   4.1026454177421826e+01
   4.0867259690659758e+01
   4.8187137392079123e+01
   4.5422785952464466e+01
   4.0072192706038429e+01
   4.7032348604263092e+01
   5.9646362467885723e+01
   3.7107198130484250e+01
   6.0305437664248302e+01
   3.5068973016563277e+01
   4.4151505841430875e+01
   3.9908928431101138e+01
   3.9248873630826182e+01
   3.8581593385200982e+01
   3.8973854004234653e+01
   4.2729791708746056e+01
   5.6343410186355115e+01
   3.6650957035369757e+01
   5.4113462570525101e+01
   3.9038736908836519e+01
   5.5103032709940813e+01
   4.5185142838179942e+01
   3.9994487093361641e+01
   4.7561919253974352e+01
   4.6418568973775102e+01
   4.2295592359954334e+01
   5.1263445628187334e+01
   4.3801581926866980e+01
   4.2745165698007419e+01
   4.2079051350081507e+01
   4.5912322818883254e+01
   4.1148953599772618e+01
   4.2445762766346014e+01
   4.4808286060336137e+01
   4.2118956825543691e+01
   4.0941352054583760e+01
   4.6931516523264669e+01
   4.3305025149683182e+01
   4.8873730546037606e+01
   4.5324462116967318e+01
   4.1727421883603036e+01
   4.3623845446383960e+01
   4.9107938860874640e+01
   5.0402372059715624e+01
   4.3559049183514929e+01
   4.4270817088936624e+01
   4.2978452551073353e+01
   4.5297430182136694e+01
   4.3877297582832760e+01
   4.2519826709565891e+01
   4.3822702675041057e+01
   4.3849130757444087e+01
   4.3019440406552000e+01
   4.5827167823089503e+01
   4.3133655650438577e+01
   4.6764735848034974e+01
   4.5465561824732966e+01
   4.5153111022560481e+01
   4.9348301122382743e+01
   5.2395593140577141e+01
   4.3229904525724891e+01
   5.0569123702009655e+01
   5.2033149669477417e+01
   5.1222126596455034e+01
   5.2627491547361146e+01
   5.4443483163865345e+01
   5.0680535003933656e+01
   5.1460882251684232e+01
   5.0995241736278295e+01
   5.2497263076721566e+01
   4.6806445148079277e+01
   4.0862993781631950e+01
   4.3065109760402891e+01
   3.7383026747432950e+01
   3.7980530556443867e+01
   4.9023130175481327e+01
   6.8523616585213972e+01
   8.5880873426793357e+01
   1.0047532681818724e+02
   1.0918454093636259e+02
   1.0987772995537232e+02
   1.0947920350876417e+02
   1.0658881601405227e+02
   9.9306176545977962e+01
   9.3550978590955864e+01
   8.9414482753254845e+01
   8.6317376349524821e+01
   8.3745582628084847e+01
   8.2090520118395901e+01
   8.0632863107089506e+01
   7.7623145820727160e+01
   7.4803024418119435e+01
   7.4128618238744863e+01
   7.1228638525579512e+01
   7.1626162673448320e+01
   7.3746567827468155e+01
   7.7260065909843675e+01
   7.7463381989367903e+01
   7.1781887752453997e+01
   6.8358329064977752e+01
   5.0453079687653641e+01
   4.4871868283832157e+01
   4.2500020019435667e+01
   3.8857956705134264e+01
   3.8043539252817148e+01
   3.8993305306009930e+01
   3.7345954934357103e+01
   3.3413874769737888e+01
   3.3069359051245094e+01
   3.1386519640984307e+01
   2.7405611037991356e+01
   2.1848633002196923e+01
   2.4119849158740799e+01
   6.1127965218813259e+01
   5.3170393041267658e+01
   7.9565591214400442e+01
   5.7297190767014328e+01
   6.6081015635741764e+01
   5.5734915261843447e+01
   6.3211125176008117e+01
   6.5874499804388719e+01
   7.6052662459473169e+01
   7.5249068864174447e+01
   6.6308035942202110e+01
   6.7114929810957221e+01
   5.5164870042051746e+01
   5.2599348553364564e+01
   5.2927578431600807e+01
   4.8666455928688045e+01
   5.2272946734557252e+01
   5.4702063564003502e+01
   5.1457404641579508e+01
   5.2237291572999140e+01
   5.1839921529983400e+01
   5.6479538492901767e+01
   5.7599815297438454e+01
   5.9394360248967082e+01
   7.4677984515125146e+01
   6.1594541626374188e+01
   6.5556947546847169e+01
   5.9863417992293314e+01
   5.9418440694744994e+01
   6.1137601322112658e+01
   6.0957416729171484e+01
   5.3125295344485195e+01
   5.8056079967878219e+01
   5.7687533318184492e+01
   5.6131494690912866e+01
   5.5889809856608032e+01
   6.1400153243854163e+01
   5.5746657320122537e+01
   5.8575652931336649e+01
   5.7167476870923110e+01
   5.2314806341702749e+01
   5.8047608215369991e+01
   5.5695263449563043e+01
   5.3350614377827959e+01
   5.7583571032295239e+01
   5.9091070441084156e+01
   5.8531592756265098e+01
   5.1667158475661722e+01
   6.7477077228541233e+01
   6.2349676588455154e+01
   5.9041042760415401e+01
   7.2874290274640231e+01
   7.8498161242400144e+01
   7.1076998972371982e+01
   8.1046432097713677e+01
   7.3103160638334828e+01
   5.9877726512665006e+01
   5.6012046928607369e+01
   5.5873319139311498e+01
   6.3468158664560740e+01
   4.7911700579140529e+01
   4.8085845473004085e+01
   4.3200860814656053e+01
   4.4306534138588788e+01
   4.8531561463231952e+01
   4.3918482413931045e+01
   4.8672328530126634e+01
   4.7505694577712454e+01
   4.8849800148070692e+01
   5.7404756479888022e+01
   5.7761618845118136e+01
   5.4769925211040231e+01
   5.2070039462703811e+01
   5.7166935054006501e+01
   5.2772976059168982e+01
   5.1299569194044579e+01
   4.8445065275365224e+01
   4.8614558575630255e+01
   4.7601186286225307e+01
   4.5828655836020417e+01
   4.6222014610303866e+01
   4.8803960027593249e+01
   4.3617990351094484e+01
   4.8936928466414557e+01
   5.2991494369404293e+01
   5.2983913725084847e+01
   4.2291276201770415e+01
   4.5709837406318300e+01
   4.3841487796042600e+01
   4.4340757607660706e+01
   4.5870509283848371e+01
   4.1238853355037598e+01
   3.9892709900728974e+01
   4.6088277413613930e+01
   4.0498017427894652e+01
   4.6901592244086665e+01
   5.0766977398957451e+01
   4.7336811590485993e+01
   3.9367545261589221e+01
   4.3159817104740590e+01
   4.0259556395577683e+01
   3.8154496258241537e+01
   3.6170074882649082e+01
   3.4501805821716736e+01
   3.5081744824264462e+01
   3.5737587062357896e+01
   3.5738047675549943e+01
   3.6255661487177058e+01
   3.5886014764668857e+01
   3.7782747261906579e+01
   3.5294718058638189e+01
   3.8716408346175996e+01
   3.3905235508699711e+01
   3.3188214657286395e+01
   3.6610047163410670e+01
   3.5712323450257095e+01
   3.4460697919806869e+01
   3.4028178673678909e+01
   3.9728734830669360e+01
   3.6788402733518893e+01
   3.9389942228149977e+01
   3.8185913133795246e+01
   4.1424199176357106e+01
   3.8330832336826539e+01
   4.2248886979704139e+01
   5.0612345043868004e+01
   4.1077004546633994e+01
   3.9182127709165925e+01
   4.6374117652762209e+01
   4.4694896474049614e+01
   3.9915667459331203e+01
   4.5521334033702963e+01
   4.5168294070390914e+01
   4.0647574886411441e+01
   4.2647607605409533e+01
   5.1137610801568030e+01
   4.2789472999166357e+01
   4.1998846400818415e+01
   4.2186918651267398e+01
   4.5969772562985703e+01
   5.2553151852068808e+01
   4.5395803620295609e+01
   4.9619742208714321e+01
   4.1889114289457247e+01
   5.0637532091926452e+01
   4.9624073892369324e+01
   4.6831538580180528e+01
   4.5096092909181301e+01
   4.7383512068231283e+01
   4.2611504803362152e+01
   4.6302010312938265e+01
   4.4069425881391467e+01
   4.4302288549658769e+01
   4.4598456343393494e+01
   4.1761130073964182e+01
   4.1427398541275515e+01
   4.6779813348226277e+01
   4.3942634497858059e+01
   4.3979690729768684e+01
   4.0821669548404294e+01
   4.5113894322687131e+01
   4.2512563126048668e+01
   4.2089003408300400e+01
   4.4122599456211809e+01
   4.0795634474865864e+01
   4.3641656452100214e+01
   4.2786108766263908e+01
   4.1258126729601166e+01
   4.3707053444205272e+01
   4.2240580193199811e+01
   4.4806369066472648e+01
   4.8466243669511620e+01
   4.2475951318393335e+01
   4.6022927249655019e+01
   4.2570124448630352e+01
   4.6655340295203708e+01
   4.4900866160227473e+01
   4.6365853357959288e+01
   4.3472020603022699e+01
   4.4061863306749146e+01
   4.2706200616631520e+01
   4.2970113436689068e+01
   4.9342713014152750e+01
   4.5356379176977690e+01
   4.9638122182760355e+01
   5.0268763260031321e+01
   4.6198203353974236e+01
   4.4471494252242344e+01
   3.9925940589707530e+01
   3.9740961521533372e+01
   3.6875992106526112e+01
   3.6754525970169666e+01
   5.2203543903553822e+01
   6.6606570385983701e+01
   8.1584782030309398e+01
   9.6104927652995670e+01
   1.0493279691274788e+02
   1.0572113878851691e+02
   1.0698561210178256e+02
   1.0419185657459099e+02
   1.0138385036266355e+02
   9.1292216643154561e+01
   9.2525241795566146e+01
   9.0899343985810646e+01
   8.6827884836528284e+01
   8.3814666306480262e+01
   8.0565450891350935e+01
   7.9938558537890287e+01
   7.7150092920914830e+01
   7.5424307933095321e+01
   7.5935963467093373e+01
   7.3456729273089962e+01
   7.2762358746628820e+01
   7.0789247141787030e+01
   7.2209315923950669e+01
   7.0207350811219513e+01
   6.8936020628440431e+01
   6.5569104483746543e+01
   6.4217523550663827e+01
   5.0481561536773995e+01
   4.1091859806840802e+01
   3.3889392218385893e+01
   3.5988528883928197e+01
   3.5755782589056565e+01
   3.5731069051742828e+01
   3.5601422082391650e+01
   3.5052450717323026e+01
   3.1765144290229671e+01
   3.1440128799324235e+01
   3.0109296242527961e+01
   2.8863422215896890e+01
   2.8407014665811346e+01
   2.6294030682286099e+01
   3.3020314726281079e+01
   5.1398103318252296e+01
   7.0409225801773388e+01
   8.2010486634190613e+01
   6.7268398778687867e+01
   7.3619537112359453e+01
   8.0743464831264191e+01
   8.6329310073754925e+01
   8.8304947723052550e+01
   8.5280831978365569e+01
   8.3579523824422495e+01
   8.3393912203208174e+01
   8.2140298281512784e+01
   7.4556368021541729e+01
   7.7292057648756497e+01
   7.1328642293653502e+01
   7.4793347800184875e+01
   7.6670839183956332e+01
   7.0124131606085172e+01
   7.0324878976721990e+01
   7.3146865509937356e+01
   6.7667406923121149e+01
   6.8213106773846462e+01
   6.8704942769088007e+01
   8.3200159610198739e+01
   7.8865375368312243e+01
   7.9934949518520654e+01
   9.6276966457118760e+01
   8.7911787904540020e+01
   8.7760130495406031e+01
   9.4054990475151840e+01
   7.6775846421547271e+01
   7.7599341073100177e+01
   8.4388130784085490e+01
   7.2980096945783828e+01
   7.5039254683192553e+01
   8.2261196620060304e+01
   7.2644701647067990e+01
   7.3888165748226811e+01
   7.2539806332803309e+01
   7.7982506468665008e+01
   7.2573126314970139e+01
   7.3365888592238363e+01
   6.3616969665730551e+01
   6.0673915070269828e+01
   5.4705782827619856e+01
   4.9853781517569836e+01
   4.8313044371294133e+01
   4.6623347669806790e+01
   4.8498894626462402e+01
   4.5090776552506348e+01
   4.6281466052453737e+01
   5.2385821721255816e+01
   4.8947731507262390e+01
   5.3956140332986955e+01
   5.0125643456787977e+01
   5.6071891569098561e+01
   5.7954664861288471e+01
   5.4337023751290779e+01
   6.4790103113399766e+01
   5.2276684896184676e+01
   6.1318635445418110e+01
   4.9293041421979218e+01
   5.6185123618000041e+01
   6.1811814001217904e+01
   4.6659947960143953e+01
   5.7669618675189028e+01
   5.4269977473084666e+01
   4.5436682853141150e+01
   4.8327276700271227e+01
   5.3171369561789881e+01
   4.6097259748168923e+01
   4.9240859479863090e+01
   5.6028486962102441e+01
   4.5564313917127706e+01
   4.8709186236982291e+01
   4.7703848302484182e+01
   6.1070009974836772e+01
   5.6284881743776999e+01
   4.7636277655131948e+01
   4.7239245844559093e+01
   4.2754864489276706e+01
   4.3071814949728392e+01
   4.7773802966636929e+01
   3.6928337278748984e+01
   4.1024428737708398e+01
   4.5012137892306541e+01
   4.1397659531679068e+01
   4.3157523882007816e+01
   4.0485209086717155e+01
   4.4434629497498499e+01
   4.3391695190426972e+01
   4.0933890084788644e+01
   4.2153200431611594e+01
   4.0414085986364547e+01
   4.8721049333963364e+01
   4.0781918915384985e+01
   4.5500426470338148e+01
   4.1343093960353073e+01
   4.8839099293356853e+01
   4.1462068966035872e+01
   3.9763925374649645e+01
   3.6374012166916778e+01
   3.9410116992560340e+01
   3.4698198758201116e+01
   3.5610498508555096e+01
   3.5122046006081106e+01
   3.3152004897335033e+01
   3.6649073839072450e+01
   3.5212426271530475e+01
   3.5815519525711203e+01
   3.8302000091033506e+01
   3.9340074931391179e+01
   4.1330559441419531e+01
   3.9893691405909912e+01
   3.6795485500098103e+01
   3.7904841237808817e+01
   3.8774294600431297e+01
   3.5047466205531116e+01
   3.6977716219070260e+01
   3.5970004150860184e+01
   3.9716357326165550e+01
   3.7186765274983067e+01
   3.6580977216791425e+01
   5.2600380981740443e+01
   3.7197295421482629e+01
   4.2298035248149709e+01
   3.8537882721287993e+01
   4.5998932810613390e+01
   4.3659474887723434e+01
   4.6237918919101219e+01
   4.0507556729195187e+01
   3.5787401559639001e+01
   5.1026691120579258e+01
   4.1577011495324548e+01
   4.4155080708566715e+01
   4.2909775954265946e+01
   5.3445558515645601e+01
   3.9292650823941727e+01
   5.3434187855367284e+01
   4.4262193243047200e+01
   5.0566921395559447e+01
   5.3984869895549352e+01
   4.7306198402903355e+01
   5.6141997010839432e+01
   4.3054266777547724e+01
   5.5967297447129738e+01
   5.4497201306498027e+01
   4.5331369410645308e+01
   4.6244434851266575e+01
   4.4132102261365738e+01
   4.7286592592738963e+01
   4.4392218219209539e+01
   5.3064397766409144e+01
   4.9723210962904353e+01
   4.5962863534498581e+01
   5.2677557893276855e+01
   5.2572473325962029e+01
   3.9897089362687787e+01
   4.0577791648050017e+01
   4.9973190069569192e+01
   4.0913910846344500e+01
   4.3811226082099367e+01
   4.0562920070659914e+01
   4.1343156357671837e+01
   4.1303542145428452e+01
   4.9968708825297981e+01
   4.1860959012232321e+01
   4.0620738886736603e+01
   4.3049299576014000e+01
   4.4334728757245394e+01
   4.4443150479169141e+01
   5.2144425527628442e+01
   5.1685045616894584e+01
   5.1356819863540949e+01
   5.3088535342985182e+01
   5.4255935320490678e+01
   5.1878552410807636e+01
   5.1251274307673370e+01
   4.5886078255498013e+01
   4.4099112378067701e+01
   3.6953936919827420e+01
   3.4233801716148761e+01
   3.4352853925419979e+01
   6.0412843915328928e+01
   8.5776600812883530e+01
   1.0317337983984679e+02
   1.1461525496391994e+02
   1.1709642632636294e+02
   1.1620928100075619e+02
   1.0782893859403347e+02
   1.0056664145504182e+02
   9.2175733962199217e+01
   8.5795041700712588e+01
   8.0655873565281055e+01
   7.9563594273836955e+01
   7.6347998157918155e+01
   7.8506320551238915e+01
   7.6395897714769561e+01
   7.3655592681406773e+01
   7.5360175445128220e+01
   7.6649742423483374e+01
   7.6134466304062968e+01
   7.4039610745652169e+01
   6.7194862086915904e+01
   7.2928398149778531e+01
   5.7951605810297963e+01
   4.4216504763305885e+01
   4.1528197779612832e+01
   3.9947434029926384e+01
   3.5912283210338465e+01
   3.6912196567709081e+01
   3.6172292894554772e+01
   3.0221526368062008e+01
   2.4498761202898741e+01
   2.0806369121001318e+01
   2.0234370433808593e+01
   2.4186164203491693e+01
   3.6378629814458719e+01
   7.6313212465297724e+01
   9.1421577969204833e+01
   1.0442378530152158e+02
   8.3254318525324607e+01
   7.2486150996252064e+01
   7.4088273113193111e+01
   8.3639559158800694e+01
   1.0200822605866379e+02
   1.0403850777959431e+02
   1.0211349047652990e+02
   8.4979663701134228e+01
   7.7994925986217652e+01
   7.8218897348268726e+01
   7.3343834433411956e+01
   6.6467125288783265e+01
   6.4526612869838502e+01
   6.0773729078103784e+01
   5.6533863207401559e+01
   5.9538841235149377e+01
   5.9745103669745291e+01
   6.5811855115942137e+01
   6.2678733871908037e+01
   6.5814265989632233e+01
   6.6820847996392345e+01
   6.8281733051485062e+01
   6.2791627474483342e+01
   6.1047881877686109e+01
   5.9361047029380259e+01
   5.9463834851769505e+01
   5.9879470798047720e+01
   6.1648985064475568e+01
   5.6587270436713830e+01
   5.5707574521865041e+01
   5.5432622791076057e+01
   5.9732229149292678e+01
   5.9544661283061522e+01
   5.8229949978761127e+01
   6.1225616374853495e+01
   6.4958388498618689e+01
   7.7528537872933697e+01
   7.4853433326824359e+01
   8.5901466394476017e+01
   8.7291268478794279e+01
   8.2370320867466788e+01
   8.0819351395932273e+01
   8.0788142169734897e+01
   7.9014284222689326e+01
   6.6095753776681491e+01
   7.0708322001263156e+01
   5.1431505898114089e+01
   4.7559327348888424e+01
   5.0614790807242798e+01
   4.9897468333563133e+01
   4.5839513382429487e+01
   4.6327830874156717e+01
   4.5060653885837375e+01
   4.6465879395972188e+01
   5.2626094016430393e+01
   5.4627112359383432e+01
   6.0739180747604209e+01
   6.5741953706096382e+01
   5.8185566909599942e+01
   5.8177095145452178e+01
   5.9821326271251763e+01
   6.2806013243439565e+01
   5.4957940621572916e+01
   4.8869405996343431e+01
   5.8851482895247202e+01
   4.9661447690229409e+01
   5.1068849656752803e+01
   4.7796485468955105e+01
   5.0799327480782203e+01
   5.2414111872853034e+01
   5.5335823716961542e+01
   5.6817080155197239e+01
   6.1586728161888040e+01
   5.2180019791512350e+01
   5.3124941216375731e+01
   5.2248009442350735e+01
   6.0885866396716921e+01
   4.9987439748577813e+01
   5.7906619620786188e+01
   4.6832661901264238e+01
   5.5200438514840954e+01
   4.8029629830463726e+01
   6.6639187664984277e+01
   4.4588897226585026e+01
   4.6355058835079603e+01
   4.8275881523355991e+01
   4.2039802951138519e+01
   5.3691812590363455e+01
   4.2021024391959500e+01
   4.2858914995622790e+01
   4.8309029952215489e+01
   5.0226187198971601e+01
   4.8743972549989273e+01
   4.3429156353788571e+01
   4.4520027356190354e+01
   4.4628978098873624e+01
   4.4839967762052723e+01
   4.4871801814157848e+01
   5.3622222367174821e+01
   4.3541317868555737e+01
   5.8215154270886792e+01
   4.4133309914764304e+01
   5.7619994030820060e+01
   4.0304564297792943e+01
   4.3416568626242523e+01
   4.3826126595788267e+01
   3.8475335718726818e+01
   4.1936360889403218e+01
   3.9846511835659051e+01
   3.8718844829777026e+01
   3.7616336294952795e+01
   3.5394425357605414e+01
   4.0658922340806754e+01
   3.9666174146316905e+01
   3.9137699433174390e+01
   3.8661817539090300e+01
   4.1569823582795820e+01
   4.0439024749171722e+01
   4.1561564225477575e+01
   3.9893957206602636e+01
   4.1345412116856252e+01
   4.2618070694154198e+01
   4.3233998476725858e+01
   3.9192122708173670e+01
   4.1863318742150547e+01
   4.3356780952098973e+01
   4.4154526357209171e+01
   4.0976994007241927e+01
   4.4291850594635456e+01
   4.3320874814856779e+01
   4.1762282673694102e+01
   4.2091038178763441e+01
   5.3831517451610942e+01
   4.1420406464330085e+01
   4.2464219698473244e+01
   4.8288646596904059e+01
   4.3407511261936136e+01
   4.3667497403619087e+01
   4.1166056532004482e+01
   5.3537915660023096e+01
   4.4517806172246921e+01
   4.3514255762979431e+01
   4.3921191325536491e+01
   4.5949483419151505e+01
   4.1877424757744279e+01
   4.6459101772613010e+01
   4.4783056730658927e+01
   4.6779564781511652e+01
   4.1540182236981153e+01
   5.1027100133776251e+01
   4.2824691330298705e+01
   5.1780294945169423e+01
   4.2710211283703359e+01
   4.4960170871228129e+01
   4.0849302913025817e+01
   4.1711021082912396e+01
   4.2255559703329425e+01
   4.1660992758437793e+01
   4.2209648065628429e+01
   4.4464196189014338e+01
   5.4253436891832109e+01
   3.8108639842191160e+01
   4.3769187979535516e+01
   4.0854975599210803e+01
   4.1367913183596237e+01
   3.7963663600339906e+01
   3.9805097465252729e+01
   3.8375767973262363e+01
   3.9199947261110786e+01
   3.7449001649422065e+01
   4.0492880389621781e+01
   3.8149189038794013e+01
   4.0501547874104887e+01
   3.6638574561832606e+01
   3.8581385847066215e+01
   3.8318339487114265e+01
   4.3421628894825517e+01
   3.7947985052304418e+01
   3.7730684882654913e+01
   4.0038968440546299e+01
   3.7289747745106524e+01
   4.2778628815055527e+01
   4.4017303140831174e+01
   3.8231934823792407e+01
   4.1588454217916180e+01
   4.3439640505423760e+01
   4.2425169816310600e+01
   4.2894817782221949e+01
   4.2015465356113467e+01
   4.3619387647127056e+01
   4.4126933457503810e+01
   4.0358428744083930e+01
   3.4904180984976449e+01
   3.9936831484459567e+01
   7.2407056005914612e+01
   9.5634006045858484e+01
   1.1497779116593935e+02
   1.1734692255636676e+02
   1.1532667247001062e+02
   1.1276020096450962e+02
   1.0753144722790427e+02
   9.7544830135724069e+01
   8.7097150742566456e+01
   8.3325165131361118e+01
   7.9109283341529149e+01
   7.9652416779445687e+01
   7.9154928868889201e+01
   7.6899293545987604e+01
   7.2284347736340052e+01
   7.3285907263217354e+01
   7.1334651402166685e+01
   7.5109732107047819e+01
   7.4374217407199552e+01
   6.7208614327885215e+01
   5.4980797700741881e+01
   4.6817806382624617e+01
   3.8432673709308531e+01
   3.5278588811917963e+01
   3.3268270758496172e+01
   3.4849761073957637e+01
   3.5202134958630680e+01
   2.9452390736226626e+01
   2.4510421146209222e+01
   2.6805885357694724e+01
   3.0940687818712952e+01
   2.6723708594829191e+01
   4.6504999835552887e+01
   5.7569496985304220e+01
   1.0258814950376058e+02
   1.0087800159071605e+02
   8.9197057270111500e+01
   8.4903591775115586e+01
   8.8113886197318777e+01
   8.8859760446018342e+01
   8.5305130988331797e+01
   8.1741861274462167e+01
   7.4284072439371556e+01
   6.9276804276877499e+01
   6.6872004965431742e+01
   6.5677498639148482e+01
   6.1765146775082400e+01
   5.5795649076460023e+01
   5.0854652291315347e+01
   4.9605693004225053e+01
   5.4302315345101235e+01
   5.5999689692362537e+01
   5.3814415779951759e+01
   6.3023269791042736e+01
   5.9162724406289485e+01
   5.7704488271211716e+01
   6.6583160778587455e+01
   6.0998790955127866e+01
   6.2885376123784525e+01
   6.5765091574285123e+01
   5.7823511952065260e+01
   5.8339212529036018e+01
   7.3568265054736258e+01
   5.7315765497430903e+01
   7.2741542919018841e+01
   5.7689776015036543e+01
   5.9585977359761415e+01
   6.7323418687873456e+01
   5.3560321487643051e+01
   5.8187801133927671e+01
   5.9787141628071481e+01
   5.6022582950938506e+01
   7.2353518068667029e+01
   5.9086853162567301e+01
   6.0177664632872585e+01
   7.6105715289810561e+01
   6.2859613445309748e+01
   7.0991551343543136e+01
   6.3281335956313399e+01
   6.8665393893245621e+01
   6.8907157449662918e+01
   6.2412977659607165e+01
   6.0507937269852960e+01
   6.7086750933832121e+01
   5.3010087728342846e+01
   4.5424397268784020e+01
   4.4573845668946035e+01
   4.2501988912351486e+01
   4.7705882028643998e+01
   4.4385462351432430e+01
   4.9344351424423245e+01
   4.8593671396859342e+01
   4.9132158941990738e+01
   5.7324446691090102e+01
   6.1263411970003126e+01
   5.3207191284250712e+01
   5.8695223092749558e+01
   4.8334420088569530e+01
   6.6778966704524407e+01
   5.0915169627525394e+01
   5.1620691924573762e+01
   6.4155487170344514e+01
   5.3163374340119503e+01
   6.0484795315207172e+01
   5.0001083452781963e+01
   5.5680084775287511e+01
   4.9289549110672468e+01
   5.9273105876656039e+01
   4.7763488432682777e+01
   5.8942696307682859e+01
   5.1639739679035401e+01
   5.2858392431589969e+01
   4.8252308405165152e+01
   5.7185735353391138e+01
   4.5218244137652633e+01
   5.2833486501266101e+01
   5.5022851612356320e+01
   4.8545835025520226e+01
   4.5035023632300437e+01
   4.4279075273685748e+01
   4.8419915716152701e+01
   4.8128823617820963e+01
   4.3960308415640945e+01
   4.9511927664374923e+01
   4.3059043753035965e+01
   4.5809961235997726e+01
   4.7716478219794865e+01
   4.2889181627105302e+01
   5.3332765361002778e+01
   4.3027460728171981e+01
   4.6730681344019786e+01
   4.7129467792664180e+01
   4.7428240110800317e+01
   4.3146040712195692e+01
   5.0764793096343347e+01
   4.1741288792502729e+01
   4.1457556112098999e+01
   4.0679844009696019e+01
   4.2416706538250409e+01
   4.2161913898044212e+01
   3.7931100900608151e+01
   3.8156860119554587e+01
   3.7249882663438029e+01
   3.9016434037731102e+01
   3.6803142711425039e+01
   4.3562176475340252e+01
   3.5470774454102113e+01
   3.9434858472944057e+01
   4.3767000477612008e+01
   4.0544637616845336e+01
   4.6173197022374538e+01
   4.2825357298760544e+01
   4.7352435811533979e+01
   4.0577216689378837e+01
   4.2271864413080955e+01
   4.0390748977266838e+01
   3.6824817454789091e+01
   3.8043579478822359e+01
   4.2582160813255918e+01
   3.6754977811525713e+01
   4.2858078096174708e+01
   4.0066786098334518e+01
   3.9089419855759132e+01
   3.8328755470385396e+01
   4.1040767052736996e+01
   4.2216773344071093e+01
   4.0196254767446661e+01
   4.1364060059492026e+01
   3.9847079801181970e+01
   4.0996675485246946e+01
   4.2911438806267547e+01
   3.7808104684959837e+01
   4.0654764772181032e+01
   3.9936899616640815e+01
   4.6875546058979268e+01
   4.5856048556161689e+01
   4.7684396397357339e+01
   4.2813503018383045e+01
   4.9561185832321939e+01
   4.1009172271179594e+01
   4.5098521879431026e+01
   4.0254009254314539e+01
   4.3661385452276868e+01
   4.1170744402408282e+01
   3.9161823687478936e+01
   3.8223920069378288e+01
   4.0261954503264874e+01
   3.8849372886143414e+01
   4.0682671390030279e+01
   4.6370958519506978e+01
   4.2847531889107088e+01
   3.7493968168633423e+01
   4.5478202761072794e+01
   3.8184938767241341e+01
   4.2947921672512507e+01
   4.2880111278348750e+01
   4.4426151688767391e+01
   4.1731203283107753e+01
   4.1539591469964314e+01
   4.2649821367496777e+01
   4.7050549750470296e+01
   4.3211437214474962e+01
   4.3307695287681078e+01
   4.7780252514672561e+01
   4.1605256620641967e+01
   4.5111280225094156e+01
   4.1521092075997345e+01
   5.2672086234053829e+01
   4.6069999947105714e+01
   4.2501345642783178e+01
   5.0068325393026846e+01
   4.8970533103410105e+01
   4.5771052571860707e+01
   4.0203340921019382e+01
   5.1265080128970958e+01
   4.2313795099746201e+01
   4.6256231723989949e+01
   4.2731999029360914e+01
   5.1676814612755521e+01
   4.2291780249180277e+01
   4.4123251245566166e+01
   5.4505287405949211e+01
   4.1081736932389454e+01
   4.6039242914790506e+01
   4.5478401765545350e+01
   4.4501707019472335e+01
   5.0271093316277216e+01
   4.2125946572594401e+01
   4.4504168294493411e+01
   5.3133860610342552e+01
   4.4899600949518486e+01
   4.1643735275644438e+01
   4.3919847396045618e+01
   4.5812406163414231e+01
   4.6797268097077165e+01
   4.4800037303227377e+01
   4.1233563285913284e+01
   4.7194745276839079e+01
   4.3872688375603921e+01
   4.3600316421094746e+01
   4.3773291296605940e+01
   4.2138807456670591e+01
   4.2530180253719642e+01
   4.2655573135639010e+01
   3.9187077960560714e+01
   4.0663808765795068e+01
   3.7347536386208247e+01
   3.4005710424128537e+01
   3.3886571759734650e+01
   4.3177129454607368e+01
   7.6854060840186492e+01
   1.0539389290742110e+02
   1.1887704931256832e+02
   1.2151943522686588e+02
   1.1520948993621515e+02
   1.1058523858991991e+02
   1.0271450222911062e+02
   9.3674216787804326e+01
   8.7336129027170998e+01
   8.6550216732553423e+01
   8.3543442367858930e+01
   8.1042226249775169e+01
   8.0319175619751405e+01
   7.9393222195740805e+01
   7.7835800918097107e+01
   7.8901374013111720e+01
   7.8308705025899414e+01
   7.1917627646303558e+01
   7.7092248276826354e+01
   7.5319007166668669e+01
   5.3978626135367982e+01
   4.3495274147064286e+01
   3.9278621841438913e+01
   3.7587539980924589e+01
   3.2017195003676072e+01
   2.7593557071027924e+01
   2.2571773083619561e+01
   2.3338013176243635e+01
   2.5267619057956793e+01
   2.4678855683728706e+01
   3.1796777100360483e+01
   8.3048779393608172e+01
   1.0054264430031779e+02
   1.0527976003979188e+02
   7.9518292486188273e+01
   7.7518622143603054e+01
   8.0836021188754202e+01
   8.7661350325220837e+01
   9.0448542845481768e+01
   8.5881220029323430e+01
   8.1944372420126797e+01
   7.2608756767811983e+01
   6.4610904219636282e+01
   5.8605192322919549e+01
   5.5938899665035805e+01
   5.4067492010725942e+01
   5.4554600432731142e+01
   5.5596211071136231e+01
   5.4614429798399129e+01
   5.4231112054010467e+01
   5.7432415526348635e+01
   5.6055498173935767e+01
   6.9892994391579634e+01
   6.9306226629856695e+01
   7.6784286938744003e+01
   7.5652519372585715e+01
   8.2360255324636341e+01
   9.0852952489865757e+01
   9.5620231351504444e+01
   1.0327516031088169e+02
   1.0259705517006918e+02
   1.0486265322830641e+02
   1.0635864351425960e+02
   8.8663557299854602e+01
   8.7903529680213296e+01
   7.9708457634014479e+01
   7.8404974911823359e+01
   7.7724500056794085e+01
   8.1040212938559307e+01
   8.1913900410047248e+01
   9.1155066877327570e+01
   8.5707446825856692e+01
   9.7454293093851192e+01
   8.5387400047964007e+01
   8.5163161213554886e+01
   8.1018459998455285e+01
   7.2990335230098296e+01
   7.3233066710809453e+01
   7.0530948861733478e+01
   8.0763661280878409e+01
   8.6794551143696992e+01
   8.0407243691752498e+01
   9.6082049551928378e+01
   8.6319152132836010e+01
   1.0134596096215654e+02
   8.5666231558747427e+01
   9.6430723910281060e+01
   8.1083820123985149e+01
   7.9202561784107189e+01
   7.1616838005192108e+01
   7.8126056390666974e+01
   6.3567773867672926e+01
   6.7025267993833637e+01
   6.0869935374422752e+01
   5.8142484562802693e+01
   5.7717594645832037e+01
   5.8517873983391844e+01
   5.3699041801387665e+01
   5.6396476739307808e+01
   5.5370131181812283e+01
   5.6628799472965071e+01
   6.2163071542789211e+01
   5.4065494006392385e+01
   5.6492227808785671e+01
   6.0203695321008084e+01
   5.5274278757642897e+01
   5.4890343740385198e+01
   6.0309799918059753e+01
   5.4602978561095000e+01
   5.8936036906584796e+01
   5.8376225311935322e+01
   5.7732823955710252e+01
   5.4850154793394026e+01
   5.7856435460054996e+01
   5.4446892652478105e+01
   5.0245910416478246e+01
   4.7824440820084412e+01
   4.6874276015200948e+01
   4.9882056554700021e+01
   4.9084336131469612e+01
   4.6804603817019668e+01
   4.5736885728343218e+01
   5.2019688932056283e+01
   4.4790934065658718e+01
   4.7061583013314767e+01
   4.6042441461020275e+01
   4.7008760243883465e+01
   4.4798752967524457e+01
   4.3602917510537615e+01
   4.5083975524955527e+01
   4.0594197232879651e+01
   4.4275091921500604e+01
   4.2092966460030340e+01
   4.0924341085503301e+01
   3.9577973906316799e+01
   4.2816948475450332e+01
   4.1017321446931092e+01
   3.9436086685953782e+01
   3.8253469820879594e+01
   4.1251061301945676e+01
   3.8835266813592717e+01
   4.0481544104572912e+01
   3.9796430522484492e+01
   4.2759495222950250e+01
   4.4203300229161123e+01
   4.2986616137096775e+01
   4.2373478639541140e+01
   4.3416365657356984e+01
   4.0670675277710949e+01
   4.3672263610749923e+01
   4.5328160609269162e+01
   4.2054319059676210e+01
   4.2299545542121493e+01
   4.1519694145190854e+01
   4.0731456920267121e+01
   3.8011677157097864e+01
   4.2666598210284704e+01
   4.5629859128911136e+01
   4.2257352903347631e+01
   4.2631309130217609e+01
   4.1351780958841957e+01
   4.0015680792317049e+01
   4.2311594761016906e+01
   4.1841009455217041e+01
   4.0631275226236028e+01
   4.1528861597111707e+01
   3.8946344607776055e+01
   3.9357437788068168e+01
   3.5174674280612955e+01
   3.6143083340054069e+01
   3.6011510444880372e+01
   3.3621209774369369e+01
   4.0645667447941030e+01
   3.1700195250762032e+01
   3.5753253839685442e+01
   2.6610218231126151e+01
   3.0772298333622629e+01
   2.9490469701509301e+01
   2.5887133499393688e+01
   3.0734867244738094e+01
   3.2786106840271572e+01
   4.5502588107475525e+01
   4.1854681400393922e+01
   3.9743549940554658e+01
   3.5656204283752054e+01
   5.3267086920507396e+01
   4.4759619944092961e+01
   4.3615002780682616e+01
   4.9668405532320577e+01
   4.8041902630406923e+01
   4.4837392167519866e+01
   4.2522400628739199e+01
   4.9434158912373327e+01
   4.3293612896269970e+01
   4.5054563643502071e+01
   4.9099029597061566e+01
   4.2660274740716126e+01
   5.0110524565219265e+01
   4.2813213472221747e+01
   5.4994491408868008e+01
   4.9183138566711854e+01
   5.1576390086202267e+01
   5.3604503156955367e+01
   3.9938482434794437e+01
   5.2246753824623653e+01
   4.6147560039318471e+01
   4.5945836083236962e+01
   5.3110905116379044e+01
   4.4028446407120370e+01
   5.2975342141164589e+01
   5.1535960035612113e+01
   4.9037464810880905e+01
   6.1314656860785028e+01
   3.5892099631487767e+01
   5.0754948113299264e+01
   6.3609966753623638e+01
   3.4203982931267269e+01
   5.1393184369913534e+01
   6.1270114917684552e+01
   3.5347738756792026e+01
   4.6833144416632855e+01
   6.2243066871225096e+01
   3.6069160787954054e+01
   4.0714984672373269e+01
   5.5293426068356837e+01
   3.2743023970422406e+01
   1.5172241700860869e+01
   4.3309272065607921e+01
   7.8423498524064243e+01
   4.4556659040427370e+01
   4.9539643758990984e+01
   5.0071899264477423e+01
   4.1751416077897744e+01
   4.9577931862820101e+01
   5.0496622273386393e+01
   5.2338192908590941e+01
   5.0025309478003457e+01
   5.1770613405262246e+01
   5.5366205370350372e+01
   4.0477302828381212e+01
   4.9373045356793391e+01
   4.9466860280483303e+01
   5.2117590632455858e+01
   5.2526876878178243e+01
   4.2690539512986952e+01
   5.4051395369424732e+01
   5.6423198333983414e+01
   5.7410590460297961e+01
   5.8717886739066209e+01
   5.8957106071977009e+01
   5.7241545404419902e+01
   5.3979913515418119e+01
   5.4359334703783695e+01
   4.2079364944383002e+01
   5.1819633797356246e+01
   4.4486859419052152e+01
   3.7030435503466869e+01
   3.7177766104081769e+01
   5.0803153437641875e+01
   6.6381988000089152e+01
   8.0170369545585885e+01
   9.5862059258842109e+01
   1.0962191891216740e+02
   1.1587045405069256e+02
   1.1638108009573922e+02
   1.1289508508317920e+02
   1.0535119020200898e+02
   9.6954348210182474e+01
   8.9609997851857543e+01
   8.4570097767080526e+01
   8.3128631635833059e+01
   8.1148342234197813e+01
   7.9235503203132112e+01
   7.6979303651367090e+01
   7.5726661687812467e+01
   7.6883710852935323e+01
   7.7818494006871759e+01
   7.8956054947171481e+01
   7.7550547969565628e+01
   6.1574339366595211e+01
   5.4849326664195253e+01
   5.0218468451703806e+01
   4.6916180071635168e+01
   4.2251332797803826e+01
   3.8777380478454987e+01
   3.1834784513613862e+01
   2.8487787218906469e+01
   3.0885071568977352e+01
   3.4827138931585651e+01
   4.9961665722095240e+01
   5.6045271450744707e+01
   8.0406274777733898e+01
   9.0078194492897239e+01
   6.9365002978767421e+01
   6.2277975144990585e+01
   6.1801271563490161e+01
   6.3114180226842109e+01
   7.4953101167783558e+01
   7.4448905463761832e+01
   5.8246448814537054e+01
   5.9849075070418316e+01
   5.0824213960917540e+01
   5.1792660831019170e+01
   4.9501022176529723e+01
   5.2507840514472434e+01
   5.5385100062845510e+01
   5.1719349686937576e+01
   7.0788417909743472e+01
   4.9930576585173853e+01
   6.8010526575763734e+01
   5.7834722399579086e+01
   5.6809393874938628e+01
   5.5972216822062222e+01
   7.1568187113449781e+01
   5.6682661271509012e+01
   7.0680076945206409e+01
   6.7979506301601575e+01
   5.8404123469581933e+01
   6.8175519675502670e+01
   5.0227760243607378e+01
   6.7733519623200223e+01
   5.5613377064507510e+01
   5.3569577778294345e+01
   5.7667529278331557e+01
   5.1688729665724566e+01
   5.9684038164809834e+01
   5.3347907304765741e+01
   6.9574426010041975e+01
   5.7976080501308147e+01
   5.5401889932556784e+01
   6.4389830054445696e+01
   5.5148959092569790e+01
   5.6854936011586105e+01
   5.8445594108310594e+01
   5.5431771436614852e+01
   5.8073920214496994e+01
   5.4491699670555278e+01
   5.5363347459897781e+01
   5.5500844239690437e+01
   4.8857347637104738e+01
   5.9974193647360401e+01
   5.1298712194811920e+01
   4.6741343934141142e+01
   5.8221091658068033e+01
   5.0434028366879957e+01
   5.5224191116510390e+01
   5.2723142647359779e+01
   5.1836195838086851e+01
   5.1021969295946434e+01
   5.8982865411857134e+01
   5.3311101812812822e+01
   5.8815836515786465e+01
   5.2633169363188735e+01
   5.1761823073538267e+01
   5.4886926619623964e+01
   5.3298033006848101e+01
   5.2663949491833421e+01
   7.0535780490121368e+01
   5.9101923066877632e+01
   7.1577787111073519e+01
   5.6471027279666835e+01
   6.0605844765353240e+01
   5.3578287423863301e+01
   5.6062460874482326e+01
   5.1811180720162973e+01
   5.2176484240607394e+01
   4.9961189895299647e+01
   4.8230570359698945e+01
   5.0248774596437016e+01
   5.1721456043699561e+01
   4.9556508111652477e+01
   4.4372569874209603e+01
   4.7810144715864112e+01
   4.5796627653683508e+01
   4.5232410272701330e+01
   4.6318715512311869e+01
   4.8050239840248018e+01
   4.6483391023134757e+01
   5.0825843530473023e+01
   4.6549462607667451e+01
   4.4219337323873958e+01
   4.8309405143651617e+01
   4.4528125452609764e+01
   4.7623161877814987e+01
   5.6567739192373757e+01
   4.2880670849570002e+01
   4.1261120677674725e+01
   4.1496834793159081e+01
   4.2365523248982626e+01
   4.6742266606933995e+01
   5.0270374429854797e+01
   4.9740634535273834e+01
   4.8298234840401861e+01
   4.5134366748674537e+01
   4.3064719715951362e+01
   4.3815164828922079e+01
